# Energy(eV) COHP
-5.870350552007562506e+00 -4.403596774908599383e-05
-5.820350552007562683e+00 -8.488155534470952516e-05
-5.770350552007562861e+00 -1.537006695419606064e-04
-5.720350552007563039e+00 -2.614537802100223266e-04
-5.670350552007563216e+00 -4.178025332039690372e-04
-5.620350552007563394e+00 -6.271982630286459907e-04
-5.570350552007563572e+00 -8.845004267142024708e-04
-5.520350552007563749e+00 -1.171805486817108048e-03
-5.470350552007563927e+00 -1.458446489373637061e-03
-5.420350552007564104e+00 -1.705449574534857564e-03
-5.370350552007564282e+00 -1.874123956266675979e-03
-5.320350552007564460e+00 -1.936573143787373745e-03
-5.270350552007564637e+00 -1.884791842738498587e-03
-5.220350552007564815e+00 -1.735454058192534765e-03
-5.170350552007564993e+00 -1.529437321180397193e-03
-5.120350552007565170e+00 -1.327512251986369147e-03
-5.070350552007565348e+00 -1.204970882434598135e-03
-5.020350552007565526e+00 -1.247287073459825381e-03
-4.970350552007565703e+00 -1.546440276523660361e-03
-4.920350552007565881e+00 -2.194808899315966663e-03
-4.870350552007566058e+00 -3.272628570249860435e-03
-4.820350552007566236e+00 -4.827343482475433302e-03
-4.770350552007566414e+00 -6.848396642600186254e-03
-4.720350552007566591e+00 -9.246579382655547436e-03
-4.670350552007566769e+00 -1.184926134706041842e-02
-4.620350552007566947e+00 -1.441895499947014499e-02
-4.570350552007567124e+00 -1.669340470953793731e-02
-4.520350552007567302e+00 -1.843529372087535784e-02
-4.470350552007567480e+00 -1.947479492450793215e-02
-4.420350552007567657e+00 -1.973192928821429493e-02
-4.370350552007567835e+00 -1.921588098400930575e-02
-4.320350552007568012e+00 -1.800852213277890149e-02
-4.270350552007568190e+00 -1.624324007596147576e-02
-4.220350552007568368e+00 -1.408647787431945540e-02
-4.170350552007568545e+00 -1.172246436295527015e-02
-4.120350552007568723e+00 -9.337406786741457923e-03
-4.070350552007568901e+00 -7.100806799011161359e-03
-4.020350552007569078e+00 -5.146487582462989235e-03
-3.970350552007569256e+00 -3.559765808577744148e-03
-3.920350552007569433e+00 -2.376732323141042026e-03
-3.870350552007569611e+00 -1.597103143718358285e-03
-3.820350552007569789e+00 -1.206418704809589281e-03
-3.770350552007569966e+00 -1.199409689389088155e-03
-3.720350552007570144e+00 -1.595379738835156101e-03
-3.670350552007570322e+00 -2.438270084596724351e-03
-3.620350552007570499e+00 -3.778132716132912104e-03
-3.570350552007570677e+00 -5.636751294110823977e-03
-3.520350552007570855e+00 -7.967358933181119957e-03
-3.470350552007571032e+00 -1.062447586456200833e-02
-3.420350552007571210e+00 -1.336100451164879202e-02
-3.370350552007571387e+00 -1.586273287587461334e-02
-3.320350552007571565e+00 -1.781601006120040950e-02
-3.270350552007571743e+00 -1.898856201642089639e-02
-3.220350552007571920e+00 -1.929502899954713482e-02
-3.170350552007572098e+00 -1.882379401531615593e-02
-3.120350552007572276e+00 -1.781818163285800449e-02
-3.070350552007572453e+00 -1.662360872359307934e-02
-3.020350552007572631e+00 -1.562169020592337962e-02
-2.970350552007572809e+00 -1.516805598434893196e-02
-2.920350552007572986e+00 -1.553826000342110880e-02
-2.870350552007573164e+00 -1.687726999216816737e-02
-2.820350552007573341e+00 -1.915120222192559160e-02
-2.770350552007573519e+00 -2.211347738095863560e-02
-2.720350552007573697e+00 -2.530972482306311985e-02
-2.670350552007573874e+00 -2.814320276251668779e-02
-2.620350552007574052e+00 -3.000080817092482324e-02
-2.570350552007574230e+00 -3.040845298954537868e-02
-2.520350552007574407e+00 -2.916230168990990163e-02
-2.470350552007574585e+00 -2.638471018336731658e-02
-2.420350552007574763e+00 -2.248225205582866926e-02
-2.370350552007574940e+00 -1.802362422666103567e-02
-2.320350552007575118e+00 -1.358614098088075685e-02
-2.270350552007575295e+00 -9.625970530129968755e-03
-2.220350552007575473e+00 -6.409043172521324168e-03
-2.170350552007575651e+00 -4.009466132658439513e-03
-2.120350552007575828e+00 -2.356661953411281693e-03
-2.070350552007576006e+00 -1.301501951154892308e-03
-2.020350552007576184e+00 -6.756909274587761778e-04
-1.970350552007576361e+00 -3.307755092342061303e-04
-1.920350552007576539e+00 -1.553683656160874480e-04
-1.870350552007576717e+00 -7.662794035474387107e-05
-1.820350552007576894e+00 -5.397995523131263456e-05
-1.770350552007577072e+00 -7.138648146667064712e-05
-1.720350552007577249e+00 -1.315189207216897098e-04
-1.670350552007577427e+00 -2.525321262011571912e-04
-1.620350552007577605e+00 -4.663456284353463045e-04
-1.570350552007577782e+00 -8.164432709746242793e-04
-1.520350552007577960e+00 -1.353136211116640021e-03
-1.470350552007578138e+00 -2.124976082822232354e-03
-1.420350552007578315e+00 -3.166442479578372889e-03
-1.370350552007578493e+00 -4.483776763006953707e-03
-1.320350552007578671e+00 -6.042273173827476633e-03
-1.270350552007578848e+00 -7.758911046985740231e-03
-1.220350552007579026e+00 -9.503729603015443825e-03
-1.170350552007579203e+00 -1.111198421809123267e-02
-1.120350552007579381e+00 -1.240709144923826321e-02
-1.070350552007579559e+00 -1.323168445344386282e-02
-1.020350552007579736e+00 -1.348087860794366932e-02
-9.703505520075799140e-01 -1.312896987147612986e-02
-9.203505520075800916e-01 -1.224008062023773831e-02
-8.703505520075802693e-01 -1.095651212968973623e-02
-8.203505520075804469e-01 -9.465781356988552803e-03
-7.703505520075806245e-01 -7.955821155688130863e-03
-7.203505520075808022e-01 -6.573260895656261871e-03
-6.703505520075809798e-01 -5.398762223884561590e-03
-6.203505520075811575e-01 -4.446155951631254946e-03
-5.703505520075813351e-01 -3.682290949174468146e-03
-5.203505520075815127e-01 -3.057081009343556866e-03
-4.703505520075816904e-01 -2.531516850620212436e-03
-4.203505520075818680e-01 -2.095217659501733519e-03
-3.703505520075820456e-01 -1.771327441677973333e-03
-3.203505520075822233e-01 -1.611419670537142740e-03
-2.703505520075824009e-01 -1.684391631735309173e-03
-2.203505520075825785e-01 -2.061614280102235918e-03
-1.703505520075827562e-01 -2.798378962061855331e-03
-1.203505520075829338e-01 -3.911666504879255865e-03
-7.035055200758311145e-02 -5.357434835110561760e-03
-2.035055200758328908e-02 -7.015267099209232353e-03
2.964944799241653328e-02 -8.690664858882771182e-03
7.964944799241635565e-02 -1.014213690949374719e-02
1.296494479924161780e-01 -1.113110837590911180e-02
1.796494479924160004e-01 -1.148129996469811863e-02
2.296494479924158227e-01 -1.112693485154794826e-02
2.796494479924156451e-01 -1.013100355458533205e-02
3.296494479924154675e-01 -8.666045333220689581e-03
3.796494479924152898e-01 -6.965116125590447259e-03
4.296494479924151122e-01 -5.261982986726507910e-03
4.796494479924149346e-01 -3.741649549454173669e-03
5.296494479924147569e-01 -2.515078381867218854e-03
5.796494479924145793e-01 -1.620274782185084821e-03
6.296494479924144017e-01 -1.041908571412211411e-03
6.796494479924142240e-01 -7.372758123481308384e-04
7.296494479924140464e-01 -6.578595521799970435e-04
7.796494479924138687e-01 -7.606485975789048157e-04
8.296494479924136911e-01 -1.008818763422120960e-03
8.796494479924135135e-01 -1.365438382170183155e-03
9.296494479924133358e-01 -1.785791330242903234e-03
9.796494479924131582e-01 -2.213677618423919545e-03
1.029649447992412981e+00 -2.584922300909045425e-03
1.079649447992412803e+00 -2.837933655936362900e-03
1.129649447992412625e+00 -2.927689542361580372e-03
1.179649447992412448e+00 -2.837516516399604064e-03
1.229649447992412270e+00 -2.583561116446744018e-03
1.279649447992412092e+00 -2.209829862804139292e-03
1.329649447992411915e+00 -1.775646430941591305e-03
1.379649447992411737e+00 -1.340327776212052631e-03
1.429649447992411559e+00 -9.504343542847117033e-04
1.479649447992411382e+00 -6.331247680031922833e-04
1.529649447992411204e+00 -3.961959853602794925e-04
1.579649447992411027e+00 -2.329007944194751319e-04
1.629649447992410849e+00 -1.285873720888204151e-04
1.679649447992410671e+00 -6.661731918933215383e-05
1.729649447992410494e+00 -3.221761534377824449e-05
1.779649447992410316e+00 -1.412113591626109245e-05
1.829649447992410138e+00 -4.574714191167249967e-06
1.879649447992409961e+00 1.520483424115071861e-06
1.929649447992409783e+00 7.728432608903198117e-06
1.979649447992409605e+00 1.710501155101466447e-05
2.029649447992409428e+00 3.297428110839020695e-05
2.079649447992409250e+00 5.938733310849845940e-05
2.129649447992409073e+00 1.012209132591515267e-04
2.179649447992409783e+00 1.638966632199041979e-04
2.229649447992408717e+00 2.527740495408162627e-04
2.279649447992407651e+00 3.723903028560736112e-04
2.329649447992408362e+00 5.258268799290418110e-04
2.379649447992409073e+00 7.144731890897247552e-04
2.429649447992408007e+00 9.382595963012371103e-04
2.479649447992406941e+00 1.196078970956841779e-03
2.529649447992407651e+00 1.485801219546886449e-03
2.579649447992408362e+00 1.803290572859509756e-03
2.629649447992407296e+00 2.140340881728046169e-03
2.679649447992406230e+00 2.482310539804270019e-03
2.729649447992406941e+00 2.806959633191066783e-03
2.779649447992407651e+00 3.085955053053223308e-03
2.829649447992406586e+00 3.289466669703611582e-03
2.879649447992405520e+00 3.392673130003194971e-03
2.929649447992406230e+00 3.381796487058863574e-03
2.979649447992406941e+00 3.257327500078087412e-03
3.029649447992405875e+00 3.033430477732189899e-03
3.079649447992404809e+00 2.734281440219741600e-03
3.129649447992405520e+00 2.389177139132457432e-03
3.179649447992406230e+00 2.028104746092278862e-03
3.229649447992405165e+00 1.678462507393633108e-03
3.279649447992404099e+00 1.362681836278399096e-03
3.329649447992404809e+00 1.096293388949269847e-03
3.379649447992405520e+00 8.864607738630012881e-04
3.429649447992404454e+00 7.315775322341478868e-04
3.479649447992403388e+00 6.225977286345792290e-04
3.529649447992404099e+00 5.462277843125888741e-04
3.579649447992404809e+00 4.893186031289916077e-04
3.629649447992403744e+00 4.432836451957161803e-04
3.679649447992402678e+00 4.074092563599851220e-04
3.729649447992403388e+00 3.903928117176536897e-04
3.779649447992404099e+00 4.099524869952493513e-04
3.829649447992403033e+00 4.905632512331940375e-04
3.879649447992401967e+00 6.592801364335112340e-04
3.929649447992402678e+00 9.395766231443678299e-04
3.979649447992403388e+00 1.343625743752202822e-03
4.029649447992402322e+00 1.864617613475833772e-03
4.079649447992401257e+00 2.472005049107018140e-03
4.129649447992401967e+00 3.112920607663860993e-03
4.179649447992402678e+00 3.721468987375800824e-03
4.229649447992401612e+00 4.234243951047420018e-03
4.279649447992400546e+00 4.606754470931972469e-03
4.329649447992401257e+00 4.823786911521293387e-03
4.379649447992401967e+00 4.898709869928507925e-03
4.429649447992400901e+00 4.861892545023492954e-03
4.479649447992399836e+00 4.744083172557862597e-03
4.529649447992400546e+00 4.563393200183825903e-03
4.579649447992401257e+00 4.322592998176131261e-03
4.629649447992400191e+00 4.017763677198954615e-03
4.679649447992399125e+00 3.653262860248856526e-03
4.729649447992399836e+00 3.254856370144315787e-03
4.779649447992400546e+00 2.874113087607923708e-03
4.829649447992399480e+00 2.581491412994083804e-03
4.879649447992398414e+00 2.450282334065576224e-03
4.929649447992399125e+00 2.536549457449983197e-03
4.979649447992399836e+00 2.860900154054913779e-03
5.029649447992398770e+00 3.397124790219234729e-03
5.079649447992397704e+00 4.071349771177014756e-03
5.129649447992398414e+00 4.773508640777945553e-03
5.179649447992399125e+00 5.380248095917700667e-03
5.229649447992398059e+00 5.784859480853356967e-03
5.279649447992396993e+00 5.926518794152014526e-03
5.329649447992397704e+00 5.809762105248934133e-03
5.379649447992398414e+00 5.506958710361324616e-03
5.429649447992397349e+00 5.141332964884729601e-03
5.479649447992396283e+00 4.854129428282095114e-03
5.529649447992396993e+00 4.764622811126705340e-03
5.579649447992397704e+00 4.934238387156439365e-03
5.629649447992396638e+00 5.345464878362285975e-03
5.679649447992395572e+00 5.902650003012577772e-03
5.729649447992396283e+00 6.455776412316649449e-03
5.779649447992396993e+00 6.841171624049131872e-03
5.829649447992395928e+00 6.926986366991644099e-03
5.879649447992394862e+00 6.648863856489117992e-03
5.929649447992395572e+00 6.024296373978530600e-03
5.979649447992396283e+00 5.142068275375899673e-03
6.029649447992395217e+00 4.132577517564120159e-03
6.079649447992394151e+00 3.131323857756776723e-03
6.129649447992394862e+00 2.248568457844081492e-03
6.179649447992395572e+00 1.553380611419780078e-03
6.229649447992394506e+00 1.073021380572372402e-03
6.279649447992393441e+00 8.026327287489537152e-04
6.329649447992394151e+00 7.178867876241726330e-04
6.379649447992394862e+00 7.847149658211339477e-04
6.429649447992393796e+00 9.638509387493692914e-04
6.479649447992392730e+00 1.211530707117850977e-03
6.529649447992393441e+00 1.479669221668449084e-03
6.579649447992394151e+00 1.718580484735553931e-03
6.629649447992393085e+00 1.883284333584760335e-03
6.679649447992392020e+00 1.941860408731996496e-03
6.729649447992392730e+00 1.882590654328369440e-03
6.779649447992393441e+00 1.716733871567978614e-03
6.829649447992392375e+00 1.475675023409825154e-03
6.879649447992391309e+00 1.203864190063373479e-03
6.929649447992392020e+00 9.509457033799502282e-04
6.979649447992392730e+00 7.666963936848951010e-04
7.029649447992391664e+00 7.006884208857588458e-04
7.079649447992390598e+00 8.057304579510415074e-04
7.129649447992391309e+00 1.141382367511991139e-03
7.179649447992392020e+00 1.772464461334126787e-03
7.229649447992390954e+00 2.758443016095780270e-03
7.279649447992389888e+00 4.133147840016771629e-03
7.329649447992390598e+00 5.879634775755756410e-03
7.379649447992391309e+00 7.909953698022352542e-03
7.429649447992390243e+00 1.006112058344285978e-02
7.479649447992389177e+00 1.211455745597365963e-02
7.529649447992389888e+00 1.383730121499768088e-02
7.579649447992390598e+00 1.503348918449687842e-02
7.629649447992389533e+00 1.558966140117418187e-02
7.679649447992388467e+00 1.550076120695740266e-02
7.729649447992389177e+00 1.487375103216613190e-02
7.779649447992389888e+00 1.391623706642348968e-02
7.829649447992388822e+00 1.292150808888299293e-02
7.879649447992387756e+00 1.225610850210745797e-02
7.929649447992388467e+00 1.234476153860983479e-02
7.979649447992389177e+00 1.363760864310998265e-02
8.029649447992387223e+00 1.654379492860553330e-02
8.079649447992387934e+00 2.132701226626308733e-02
8.129649447992388644e+00 2.798042535474533701e-02
8.179649447992389355e+00 3.612210857675284686e-02
8.229649447992386513e+00 4.496516777424042904e-02
8.279649447992387223e+00 5.340706569363835865e-02
8.329649447992387934e+00 6.024601767524079970e-02
8.379649447992388644e+00 6.447842328365933906e-02
8.429649447992385802e+00 6.558358534066408008e-02
8.479649447992386513e+00 6.368746476951843427e-02
8.529649447992387223e+00 5.953068577501435810e-02
8.579649447992387934e+00 5.423837490256813720e-02
8.629649447992385092e+00 4.896956398856631976e-02
8.679649447992385802e+00 4.457416530267892946e-02
8.729649447992386513e+00 4.138188684640191350e-02
8.779649447992387223e+00 3.919190322142014626e-02
8.829649447992384381e+00 3.745077589481344421e-02
8.879649447992385092e+00 3.553533006663574245e-02
8.929649447992385802e+00 3.302576895198983814e-02
8.979649447992386513e+00 2.987113163927324760e-02
9.029649447992383671e+00 2.640123173250994576e-02
9.079649447992384381e+00 2.320004562330303319e-02
9.129649447992385092e+00 2.089964651604874629e-02
9.179649447992385802e+00 1.996857327794405307e-02
9.229649447992382960e+00 2.055722603442617161e-02
9.279649447992383671e+00 2.243791804140134530e-02
9.329649447992384381e+00 2.504995870554962631e-02
9.379649447992385092e+00 2.763535738217136328e-02
9.429649447992382250e+00 2.942900485669628849e-02
9.479649447992382960e+00 2.985105780607273662e-02
9.529649447992383671e+00 2.864557404383432510e-02
9.579649447992384381e+00 2.592460743679988674e-02
9.629649447992381539e+00 2.210926105445088982e-02
9.679649447992382250e+00 1.779611579652927433e-02
9.729649447992382960e+00 1.360171851159358222e-02
9.779649447992383671e+00 1.003808830645183496e-02
9.829649447992380829e+00 7.450275958954108955e-03
9.879649447992381539e+00 6.016174692421652134e-03
9.929649447992382250e+00 5.785076493155295353e-03
9.979649447992382960e+00 6.724474683737206859e-03
1.002964944799238012e+01 8.753515118771450915e-03
1.007964944799238083e+01 1.175765510702655482e-02
1.012964944799238154e+01 1.559218126242541830e-02
1.017964944799238225e+01 2.008595024602187126e-02
1.022964944799238296e+01 2.505126526713145202e-02
1.027964944799238012e+01 3.029666726408883695e-02
1.032964944799238083e+01 3.563346739248954981e-02
1.037964944799238154e+01 4.086818734739884607e-02
1.042964944799237870e+01 4.578105946050072678e-02
1.047964944799237941e+01 5.010096385055985702e-02
1.052964944799238012e+01 5.349420684844845286e-02
1.057964944799238083e+01 5.558427090994763620e-02
1.062964944799238154e+01 5.601051528398232060e-02
1.067964944799237870e+01 5.451749990483405195e-02
1.072964944799237941e+01 5.104888106693700883e-02
1.077964944799238012e+01 4.580961090118368384e-02
1.082964944799237728e+01 3.926546782721986734e-02
1.087964944799237799e+01 3.207080952538418628e-02
1.092964944799237870e+01 2.494487043339837715e-02
1.097964944799237941e+01 1.853873122162107145e-02
1.102964944799238012e+01 1.333726006955074719e-02
1.107964944799237728e+01 9.622127963732943559e-03
1.112964944799237799e+01 7.494432291228572164e-03
1.117964944799237870e+01 6.933774735468863082e-03
1.122964944799237585e+01 7.864593921123187725e-03
1.127964944799237657e+01 1.020916617787648480e-02
1.132964944799237728e+01 1.392029781465535174e-02
1.137964944799237799e+01 1.899436687225026718e-02
1.142964944799237870e+01 2.546267502621667525e-02
1.147964944799237585e+01 3.335196626367769451e-02
1.152964944799237657e+01 4.260608000345694757e-02
1.157964944799237728e+01 5.297926256798925204e-02
1.162964944799237443e+01 6.394276724580393034e-02
1.167964944799237514e+01 7.466873476925373065e-02
1.172964944799237585e+01 8.414321520143999700e-02
1.177964944799237657e+01 9.140462516219473310e-02
1.182964944799237728e+01 9.582763126033104484e-02
1.187964944799237443e+01 9.732253896674744609e-02
1.192964944799237514e+01 9.633842293949321234e-02
1.197964944799237585e+01 9.364753840382587791e-02
1.202964944799237301e+01 9.000366130860497360e-02
1.207964944799237372e+01 8.583940470593420802e-02
1.212964944799237443e+01 8.115062337067037446e-02
1.217964944799237514e+01 7.561757587652791213e-02
1.222964944799237585e+01 6.889059261610973317e-02
1.227964944799237301e+01 6.089258879524830220e-02
1.232964944799237372e+01 5.199913305386606732e-02
1.237964944799237443e+01 4.303322669380049009e-02
1.242964944799237159e+01 3.510355337151224719e-02
1.247964944799237230e+01 2.936928190408540085e-02
1.252964944799237301e+01 2.681187409280229653e-02
1.257964944799237372e+01 2.805453100837195304e-02
1.262964944799237443e+01 3.323227984814738911e-02
1.267964944799237159e+01 4.190910942638353953e-02
1.272964944799237230e+01 5.306155011887467299e-02
1.277964944799237301e+01 6.517166561526260837e-02
1.282964944799237017e+01 7.646282698037092096e-02
1.287964944799237088e+01 8.525795850332962278e-02
1.292964944799237159e+01 9.036719615462200650e-02
1.297964944799237230e+01 9.136826191885753790e-02
1.302964944799237301e+01 8.866690790622935858e-02
1.307964944799237017e+01 8.331475326839066220e-02
1.312964944799237088e+01 7.667078553568162924e-02
1.317964944799237159e+01 7.005663977601228609e-02
1.322964944799236875e+01 6.453621829382957809e-02
1.327964944799236946e+01 6.086181331572632774e-02
1.332964944799237017e+01 5.952982860059908427e-02
1.337964944799237088e+01 6.084197029434820769e-02
1.342964944799237159e+01 6.489751767584774067e-02
1.347964944799236875e+01 7.152133219383680074e-02
1.352964944799236946e+01 8.020076851741132773e-02
1.357964944799237017e+01 9.011247061251634327e-02
1.362964944799236733e+01 1.002616038411082711e-01
1.367964944799236804e+01 1.096746246704652789e-01
1.372964944799236875e+01 1.175440073853592365e-01
1.377964944799236946e+01 1.232546852529438214e-01
1.382964944799237017e+01 1.263080074218704829e-01
1.387964944799236733e+01 1.262373107690184793e-01
1.392964944799236804e+01 1.226194848145479716e-01
1.397964944799236875e+01 1.152173914833780066e-01
1.402964944799236591e+01 1.041863034301059726e-01
1.407964944799236662e+01 9.021610429743716353e-02
1.412964944799236733e+01 7.450356568839680560e-02
1.417964944799236804e+01 5.853972263155356182e-02
1.422964944799236875e+01 4.379529775442984885e-02
1.427964944799236591e+01 3.143190024208915301e-02
1.432964944799236662e+01 2.213850320229980226e-02
1.437964944799236733e+01 1.611886426327912430e-02
1.442964944799236449e+01 1.318528588567804798e-02
1.447964944799236520e+01 1.288442372990527586e-02
1.452964944799236591e+01 1.459779070489900486e-02
1.457964944799236662e+01 1.760210399063210154e-02
1.462964944799236733e+01 2.111235194821091746e-02
1.467964944799236449e+01 2.434204783226883578e-02
1.472964944799236520e+01 2.659772331522835750e-02
1.477964944799236591e+01 2.739260559163087319e-02
1.482964944799236306e+01 2.653941102817178321e-02
1.487964944799236378e+01 2.418074103211869524e-02
1.492964944799236449e+01 2.073946015753326197e-02
1.497964944799236520e+01 1.680715740876068814e-02
1.502964944799236591e+01 1.301609571652577631e-02
1.507964944799236306e+01 9.944132223545379748e-03
1.512964944799236378e+01 8.081422975276225662e-03
1.517964944799236449e+01 7.853337067659881335e-03
1.522964944799236164e+01 9.662338427184421000e-03
1.527964944799236235e+01 1.389683521820215054e-02
1.532964944799236306e+01 2.086482827490729330e-02
1.537964944799236378e+01 3.064431582868135454e-02
1.542964944799236449e+01 4.289131788220371111e-02
1.547964944799236164e+01 5.669061616137822945e-02
1.552964944799236235e+01 7.054852900018879214e-02
1.557964944799236306e+01 8.259216739334603041e-02
1.562964944799236022e+01 9.095873526615647076e-02
1.567964944799236093e+01 9.426424966190485866e-02
1.572964944799236164e+01 9.198378664929411641e-02
1.577964944799236235e+01 8.459347345708176369e-02
1.582964944799236306e+01 7.341683228170912956e-02
1.587964944799236022e+01 6.023977128103897433e-02
1.592964944799236093e+01 4.684647976332634994e-02
1.597964944799236164e+01 3.464053855232617635e-02
1.602964944799235880e+01 2.445462245196201520e-02
1.607964944799235951e+01 1.655961835455729489e-02
1.612964944799236022e+01 1.080978022508423224e-02
1.617964944799236093e+01 6.833555450158583858e-03
1.622964944799236164e+01 4.197320049474827057e-03
1.627964944799235880e+01 2.508098261608287388e-03
1.632964944799235951e+01 1.456532345154431477e-03
1.637964944799236022e+01 8.198009794770634530e-04
1.642964944799235738e+01 4.462168910877944658e-04
1.647964944799235809e+01 2.364430286895809565e-04
1.652964944799235880e+01 1.282543976614018905e-04
1.657964944799235951e+01 8.648660733747169432e-05
1.662964944799236022e+01 9.764763723884098152e-05
1.667964944799235738e+01 1.683039298512200199e-04
1.672964944799235809e+01 3.263731147199439670e-04
1.677964944799235880e+01 6.240710857278047603e-04
1.682964944799235596e+01 1.140336735802354199e-03
1.687964944799235667e+01 1.979451614756038737e-03
1.692964944799235738e+01 3.261988838287984988e-03
1.697964944799235809e+01 5.105029901789174228e-03
1.702964944799235880e+01 7.591427646630220273e-03
1.707964944799235596e+01 1.073263692508675225e-02
1.712964944799235667e+01 1.443489912221049970e-02
1.717964944799235738e+01 1.848182632925294416e-02
1.722964944799235454e+01 2.254505579593257467e-02
1.727964944799235525e+01 2.622762633704358443e-02
1.732964944799235596e+01 2.913403402714846713e-02
1.737964944799235667e+01 3.095116644249986185e-02
1.742964944799235738e+01 3.152029753772935677e-02
1.747964944799235454e+01 3.088380939898333066e-02
1.752964944799235525e+01 2.929848607190032109e-02
1.757964944799235596e+01 2.721458429754971403e-02
1.762964944799235312e+01 2.522249405104833031e-02
1.767964944799235383e+01 2.396777374946637562e-02
1.772964944799235454e+01 2.403641640650872741e-02
1.777964944799235525e+01 2.582110856358747417e-02
1.782964944799235596e+01 2.939587388258422043e-02
1.787964944799235312e+01 3.444220085007292792e-02
1.792964944799235383e+01 4.027078096757801678e-02
1.797964944799235454e+01 4.595935588199589333e-02
1.802964944799235170e+01 5.058218277409311930e-02
1.807964944799235241e+01 5.345974425937499025e-02
1.812964944799235312e+01 5.433579529910041728e-02
1.817964944799235383e+01 5.341076143079505345e-02
1.822964944799235454e+01 5.122024033679789534e-02
1.827964944799235170e+01 4.841521143045719039e-02
1.832964944799235241e+01 4.553968638218629933e-02
1.837964944799235312e+01 4.289156378121152663e-02
1.842964944799235028e+01 4.050264551823822001e-02
1.847964944799235099e+01 3.821575489909410234e-02
1.852964944799235170e+01 3.580259121951587242e-02
1.857964944799235241e+01 3.306754483669872846e-02
1.862964944799235312e+01 2.990873947718078463e-02
1.867964944799235028e+01 2.633576934737016581e-02
1.872964944799235099e+01 2.245812194336858914e-02
1.877964944799235170e+01 1.845811581692631542e-02
1.882964944799234885e+01 1.455654865860097312e-02
1.887964944799234956e+01 1.097683038570578147e-02
1.892964944799235028e+01 7.915405222449442904e-03
1.897964944799235099e+01 5.527811288071076204e-03
1.902964944799235170e+01 3.935820364687368442e-03
1.907964944799234885e+01 3.251506015278622479e-03
1.912964944799234956e+01 3.603394213818145262e-03
1.917964944799235028e+01 5.144223478506512043e-03
1.922964944799234743e+01 8.023559407899713558e-03
1.927964944799234814e+01 1.232202576303951733e-02
1.932964944799234885e+01 1.796330128727940262e-02
1.937964944799234956e+01 2.463747608563288116e-02
1.942964944799235028e+01 3.177541576712059057e-02
1.947964944799234743e+01 3.860190848787008189e-02
1.952964944799234814e+01 4.426710936324897844e-02
1.957964944799234885e+01 4.802256142464115390e-02
1.962964944799234601e+01 4.938643845999503290e-02
1.967964944799234672e+01 4.824471145321811150e-02
1.972964944799234743e+01 4.486015287401273754e-02
1.977964944799234814e+01 3.979617517827401668e-02
1.982964944799234885e+01 3.378990852996500982e-02
1.987964944799234601e+01 2.761768473634528334e-02
1.992964944799234672e+01 2.198705484530614346e-02
1.997964944799234743e+01 1.747209318722776211e-02
2.002964944799234459e+01 1.449330710485937160e-02
2.007964944799234530e+01 1.333488055666285851e-02
2.012964944799234601e+01 1.418858907769517119e-02
2.017964944799234672e+01 1.721042541184291882e-02
2.022964944799234743e+01 2.256896514622257210e-02
2.027964944799234459e+01 3.045550084138240118e-02
2.032964944799234530e+01 4.102372284497491500e-02
2.037964944799234601e+01 5.424320820217743561e-02
2.042964944799234317e+01 6.969173284060632689e-02
2.047964944799234388e+01 8.636483649209879265e-02
2.052964944799234459e+01 1.026166628833853345e-01
2.057964944799234530e+01 1.163292282177580128e-01
2.062964944799234601e+01 1.253253756945506281e-01
2.067964944799234317e+01 1.279223912772686766e-01
2.072964944799234388e+01 1.234308680617726001e-01
2.077964944799234459e+01 1.123967649844699462e-01
2.082964944799234175e+01 9.647923426881499509e-02
2.087964944799234246e+01 7.800820576501786563e-02
2.092964944799234317e+01 5.939469067325735957e-02
2.097964944799234388e+01 4.260879741375579038e-02
2.102964944799234459e+01 2.888376465026000484e-02
2.107964944799234175e+01 1.869080292555153761e-02
2.112964944799234246e+01 1.192231159076898549e-02
2.117964944799234317e+01 8.165405439425734227e-03
2.122964944799234033e+01 6.951826710873886157e-03
2.127964944799234104e+01 7.912664936476096131e-03
2.132964944799234175e+01 1.081710532655639351e-02
2.137964944799234246e+01 1.551367256626810798e-02
2.142964944799234317e+01 2.181476649776449214e-02
2.147964944799234033e+01 2.937413125643150227e-02
2.152964944799234104e+01 3.760617209678051437e-02
2.157964944799234175e+01 4.568602240247036234e-02
2.162964944799233891e+01 5.264828064432380134e-02
2.167964944799233962e+01 5.757139792153399133e-02
2.172964944799234033e+01 5.980103047240747233e-02
2.177964944799234104e+01 5.914196732889873132e-02
2.182964944799234175e+01 5.594719761842628647e-02
2.187964944799233891e+01 5.105956138604771793e-02
2.192964944799233962e+01 4.560930156574864724e-02
2.197964944799234033e+01 4.072215006574383955e-02
2.202964944799233749e+01 3.722684022897898570e-02
2.207964944799233820e+01 3.545410446539279392e-02
2.212964944799233891e+01 3.518956690132036408e-02
2.217964944799233962e+01 3.579105373643232113e-02
2.222964944799234033e+01 3.642516390051079439e-02
2.227964944799233749e+01 3.633855168237352939e-02
2.232964944799233820e+01 3.507133825745481492e-02
2.237964944799233891e+01 3.254720102185237884e-02
2.242964944799233606e+01 2.902615214982337891e-02
2.247964944799233677e+01 2.495936562653193122e-02
2.252964944799233749e+01 2.081688468638934891e-02
2.257964944799233820e+01 1.695620954247229958e-02
2.262964944799233891e+01 1.356827526392796399e-02
2.267964944799233606e+01 1.069671636506878271e-02
2.272964944799233677e+01 8.297664256936551630e-03
2.277964944799233749e+01 6.301387758451697588e-03
2.282964944799233464e+01 4.650427125131875727e-03
2.287964944799233535e+01 3.309112923884833125e-03
2.292964944799233606e+01 2.254362432285831903e-03
2.297964944799233677e+01 1.462005831219013487e-03
2.302964944799233749e+01 8.986083576313394321e-04
2.307964944799233464e+01 5.214754328071046939e-04
2.312964944799233535e+01 2.841369567507375459e-04
2.317964944799233606e+01 1.429404311854886374e-04
2.322964944799233322e+01 6.157610330062576547e-05
2.327964944799233393e+01 1.251642619409153893e-05
2.332964944799233464e+01 -2.398562907787510348e-05
2.337964944799233535e+01 -6.202870886854598470e-05
2.342964944799233606e+01 -1.121218995020324216e-04
2.347964944799233322e+01 -1.823924946274288299e-04
2.352964944799233393e+01 -2.785768401430830841e-04
2.357964944799233464e+01 -4.027282419178654978e-04
2.362964944799233180e+01 -5.508548766245854574e-04
2.367964944799233251e+01 -7.101146438842924260e-04
2.372964944799233322e+01 -8.567942832112268462e-04
2.377964944799233393e+01 -9.568667407055427010e-04
2.382964944799233464e+01 -9.709318493382466161e-04
2.387964944799233180e+01 -8.642405630932390890e-04
2.392964944799233251e+01 -6.202125412523258130e-04
2.397964944799233322e+01 -2.532342359329898011e-04
2.402964944799233038e+01 1.848365887743603922e-04
2.407964944799233109e+01 6.087694303871203638e-04
2.412964944799233180e+01 9.151366357373077283e-04
2.417964944799233251e+01 1.004480434059751336e-03
2.422964944799233322e+01 8.036990134752149259e-04
2.427964944799233038e+01 2.825447497939163237e-04
2.432964944799233109e+01 -5.386752502643897935e-04
2.437964944799233180e+01 -1.589866595414446372e-03
2.442964944799232896e+01 -2.758870495190903112e-03
2.447964944799232967e+01 -3.905461453082942954e-03
2.452964944799233038e+01 -4.881739381891546554e-03
2.457964944799233109e+01 -5.557732197071937885e-03
2.462964944799233180e+01 -5.847623112866968086e-03
2.467964944799232896e+01 -5.728925343702674991e-03
2.472964944799232967e+01 -5.247116979382739424e-03
2.477964944799233038e+01 -4.502750173742155887e-03
2.482964944799232754e+01 -3.624880929014250974e-03
2.487964944799232825e+01 -2.740099639996750221e-03
2.492964944799232896e+01 -1.947564208228872882e-03
2.497964944799232967e+01 -1.307006917118942301e-03
2.502964944799233038e+01 -8.409974527702727834e-04
2.507964944799232754e+01 -5.478389000526806421e-04
2.512964944799232825e+01 -4.191981438693252195e-04
2.517964944799232896e+01 -4.568121706686155956e-04
2.522964944799232612e+01 -6.839583252298519741e-04
2.527964944799232683e+01 -1.148495094230297638e-03
2.532964944799232754e+01 -1.914966535956160029e-03
2.537964944799232825e+01 -3.044535517129604452e-03
2.542964944799232896e+01 -4.564680563175680349e-03
2.547964944799232612e+01 -6.435837947167798861e-03
2.552964944799232683e+01 -8.527550032346800646e-03
2.557964944799232754e+01 -1.061853940777478592e-02
2.562964944799232470e+01 -1.243021717486976659e-02
2.567964944799232541e+01 -1.369138812631930449e-02
2.572964944799232612e+01 -1.421779683923982650e-02
2.577964944799232683e+01 -1.398087443738364397e-02
2.582964944799232754e+01 -1.314115958275242045e-02
2.587964944799232470e+01 -1.203327918858675821e-02
2.592964944799232541e+01 -1.110503914373971342e-02
2.597964944799232612e+01 -1.082528879716576110e-02
2.602964944799232327e+01 -1.157980769602056335e-02
2.607964944799232399e+01 -1.357370683577242658e-02
2.612964944799232470e+01 -1.675798747443451794e-02
2.617964944799232185e+01 -2.079926621976756901e-02
2.622964944799232612e+01 -2.511123676080805403e-02
2.627964944799232327e+01 -2.895684224658922820e-02
2.632964944799232754e+01 -3.160834043227102319e-02
2.637964944799232470e+01 -3.252557489594922607e-02
2.642964944799232185e+01 -3.149607606527028009e-02
2.647964944799232612e+01 -2.868761397749520006e-02
2.652964944799232327e+01 -2.459550854506687215e-02
2.657964944799232043e+01 -1.990895644597156719e-02
2.662964944799232470e+01 -1.535107892564156751e-02
2.667964944799232185e+01 -1.155071356615886002e-02
2.672964944799231901e+01 -8.980021580461270553e-03
2.677964944799232327e+01 -7.955173677278085456e-03
2.682964944799232043e+01 -8.667373610469502124e-03
2.687964944799232470e+01 -1.120251601311186840e-02
2.692964944799232185e+01 -1.552266428966642825e-02
2.697964944799231901e+01 -2.141274057946741458e-02
2.702964944799232327e+01 -2.842572510483071593e-02
2.707964944799232043e+01 -3.587301043852947346e-02
2.712964944799232470e+01 -4.289388129642277003e-02
2.717964944799232185e+01 -4.860287206660562215e-02
2.722964944799231901e+01 -5.227310351383922249e-02
2.727964944799232327e+01 -5.349046315813391766e-02
2.732964944799232043e+01 -5.222246076941314263e-02
2.737964944799231759e+01 -4.878282936326237829e-02
2.742964944799232185e+01 -4.371720574850020830e-02
2.747964944799231901e+01 -3.766183662056911408e-02
2.752964944799231617e+01 -3.122448331933718596e-02
2.757964944799232043e+01 -2.491210064357099463e-02
2.762964944799231759e+01 -1.910241829561513255e-02
2.767964944799232185e+01 -1.404201735302946022e-02
2.772964944799231901e+01 -9.854961269599483986e-03
2.777964944799231617e+01 -6.555600832458136247e-03
2.782964944799232043e+01 -4.066788090734473754e-03
2.787964944799231759e+01 -2.245814027767998461e-03
2.792964944799232185e+01 -9.168816443143530974e-04
2.797964944799231901e+01 9.467440109574034289e-05
2.802964944799231617e+01 9.321843632720305849e-04
2.807964944799232043e+01 1.685823849605084341e-03
2.812964944799231759e+01 2.381428889972005049e-03
2.817964944799231475e+01 2.980401254612057276e-03
2.822964944799231901e+01 3.389615431289266789e-03
2.827964944799231617e+01 3.478702220319980758e-03
2.832964944799231333e+01 3.101122706495279373e-03
2.837964944799231759e+01 2.116184888709489367e-03
2.842964944799231475e+01 4.118329417643938964e-04
2.847964944799231901e+01 -2.069207221033501822e-03
2.852964944799231617e+01 -5.297857179841510174e-03
2.857964944799231333e+01 -9.125528804396579666e-03
2.862964944799231759e+01 -1.326248279709468965e-02
2.867964944799231475e+01 -1.728689600368632853e-02
2.872964944799231901e+01 -2.069946057980692061e-02
2.877964944799231617e+01 -2.302139690220993476e-02
2.882964944799231333e+01 -2.391093986805231664e-02
2.887964944799231759e+01 -2.325764398652906476e-02
2.892964944799231475e+01 -2.121646800840927896e-02
2.897964944799231191e+01 -1.816578520107061528e-02
2.902964944799231617e+01 -1.460452294129334187e-02
2.907964944799231333e+01 -1.102726597617961941e-02
2.912964944799231048e+01 -7.820714667821445157e-03
2.917964944799231475e+01 -5.210151326306739980e-03
2.922964944799231191e+01 -3.260574162921222111e-03
2.927964944799231617e+01 -1.916838222916376466e-03
2.932964944799231333e+01 -1.058592071372147251e-03
2.937964944799231048e+01 -5.491940712720878685e-04
2.942964944799231475e+01 -2.676567893881710001e-04
2.947964944799231191e+01 -1.225424467402741208e-04
2.952964944799231617e+01 -5.270490462719157847e-05
2.957964944799231333e+01 -2.129471834736173407e-05
2.962964944799231048e+01 -8.082565837069639634e-06
2.967964944799231475e+01 -2.881928062628391969e-06
2.972964944799231191e+01 -9.653250664487478624e-07
2.977964944799230906e+01 -3.037530230147454251e-07
2.982964944799231333e+01 -8.978922430224402972e-08
2.987964944799231048e+01 -2.493356741618815409e-08
2.992964944799230764e+01 -6.504309724005451556e-09
2.997964944799231191e+01 -1.593949654387151268e-09
3.002964944799230906e+01 -3.669480468868124569e-10
3.007964944799231333e+01 -7.935808066349065645e-11
3.012964944799231048e+01 -1.612257200601074021e-11
3.017964944799230764e+01 -3.077046715501570882e-12
3.022964944799231191e+01 -5.516840766518292543e-13
3.027964944799230906e+01 -9.291875949998727341e-14
3.032964944799231333e+01 -1.470188265961029492e-14
3.037964944799231048e+01 -2.185239771335281216e-15
3.042964944799230764e+01 -3.051278401089954662e-16
3.047964944799231191e+01 -4.002406253790950902e-17
3.052964944799230906e+01 -4.931932192355326692e-18
3.057964944799230622e+01 -5.709125900327123926e-19
3.062964944799231048e+01 -6.208386396760320243e-20
3.067964944799230764e+01 -6.342265986322890195e-21
3.072964944799230480e+01 -6.086487856299968555e-22
3.077964944799230906e+01 -5.487135221080908203e-23
3.082964944799230622e+01 -4.647090824480713222e-24
3.087964944799231048e+01 -3.697202629646111176e-25
3.092964944799230764e+01 -2.763261211762994184e-26
3.097964944799230480e+01 -1.940113882457661300e-27
3.102964944799230906e+01 -1.279643811119857511e-28
3.107964944799230622e+01 -7.928802002195243264e-30
3.112964944799231048e+01 -4.615116196415287753e-31
3.117964944799230764e+01 -2.523563875191270928e-32
3.122964944799230480e+01 -1.296291157955636948e-33
3.127964944799230906e+01 -6.255289448586513903e-35
3.132964944799230622e+01 -2.835625394606763176e-36
3.137964944799230338e+01 -1.207554938933001862e-37
3.142964944799230764e+01 -4.830827555732224997e-39
3.147964944799230480e+01 -1.815485422865385321e-40
3.152964944799230196e+01 -6.409447466614020389e-42
3.157964944799230622e+01 -2.125714883476376689e-43
3.162964944799230338e+01 -6.622866932287970567e-45
3.167964944799230764e+01 -1.938401066152789770e-46
