# Energy(eV) COHP
-8.960694889858265455e+00 -1.902169740941797407e-07
-8.910694889858264744e+00 -5.011563308192825039e-07
-8.860694889858264034e+00 -1.240380494148868355e-06
-8.810694889858263323e+00 -2.884001872048365427e-06
-8.760694889858262613e+00 -6.299373144103978565e-06
-8.710694889858261902e+00 -1.292602117379266024e-05
-8.660694889858261192e+00 -2.491765503312831293e-05
-8.610694889858260481e+00 -4.512760223276403407e-05
-8.560694889858259771e+00 -7.679023120121456067e-05
-8.510694889858259060e+00 -1.227918828384638435e-04
-8.460694889858258350e+00 -1.845759962066778333e-04
-8.410694889858257639e+00 -2.609783780690770561e-04
-8.360694889858256929e+00 -3.475485294519557343e-04
-8.310694889858256218e+00 -4.370225055699738701e-04
-8.260694889858255507e+00 -5.214205735825137118e-04
-8.210694889858254797e+00 -5.957107511254419556e-04
-8.160694889858254086e+00 -6.622457563638872117e-04
-8.110694889858253376e+00 -7.345253346833296396e-04
-8.060694889858252665e+00 -8.385567427323443361e-04
-8.010694889858251955e+00 -1.010375232115580651e-03
-7.960694889858251244e+00 -1.289171675668808210e-03
-7.910694889858250534e+00 -1.706820188205252333e-03
-7.860694889858249823e+00 -2.276096728081642307e-03
-7.810694889858249113e+00 -2.981028860395573948e-03
-7.760694889858248402e+00 -3.773002563040091240e-03
-7.710694889858247691e+00 -4.575038593495969405e-03
-7.660694889858246981e+00 -5.294183524166371814e-03
-7.610694889858246270e+00 -5.839132761154269304e-03
-7.560694889858245560e+00 -6.138298999972085536e-03
-7.510694889858244849e+00 -6.153476476839692469e-03
-7.460694889858244139e+00 -5.885975121925333432e-03
-7.410694889858243428e+00 -5.374650932277230155e-03
-7.360694889858242718e+00 -4.687468357396451166e-03
-7.310694889858242007e+00 -3.909431729130378140e-03
-7.260694889858241297e+00 -3.129925051408083934e-03
-7.210694889858240586e+00 -2.432006600439851063e-03
-7.160694889858239875e+00 -1.885204212459593021e-03
-7.110694889858239165e+00 -1.541928905767251702e-03
-7.060694889858238454e+00 -1.436085286326978325e-03
-7.010694889858237744e+00 -1.581545824272976002e-03
-6.960694889858237033e+00 -1.968695643663264088e-03
-6.910694889858236323e+00 -2.559443012290790135e-03
-6.860694889858235612e+00 -3.283992399424442207e-03
-6.810694889858234902e+00 -4.044452812726445634e-03
-6.760694889858234191e+00 -4.729291006348254438e-03
-6.710694889858233481e+00 -5.238410636241529715e-03
-6.660694889858232770e+00 -5.512899209908023179e-03
-6.610694889858232060e+00 -5.559198145053377733e-03
-6.560694889858231349e+00 -5.457212038184692734e-03
-6.510694889858230638e+00 -5.346313500557521754e-03
-6.460694889858229928e+00 -5.390609281034136266e-03
-6.410694889858229217e+00 -5.732211772676984105e-03
-6.360694889858228507e+00 -6.445913388994986559e-03
-6.310694889858227796e+00 -7.509181730829653928e-03
-6.260694889858227086e+00 -8.797667069308796883e-03
-6.210694889858226375e+00 -1.010927249112653081e-02
-6.160694889858225665e+00 -1.121102742853252385e-02
-6.110694889858224954e+00 -1.189528288829649200e-02
-6.060694889858224244e+00 -1.202826966263527073e-02
-6.010694889858223533e+00 -1.157680010611790954e-02
-5.960694889858222822e+00 -1.060705595606405843e-02
-5.910694889858222112e+00 -9.259378165228563870e-03
-5.860694889858221401e+00 -7.710256372738828051e-03
-5.810694889858220691e+00 -6.134530993806858006e-03
-5.760694889858219980e+00 -4.677492088533211252e-03
-5.710694889858219270e+00 -3.440750320027597536e-03
-5.660694889858218559e+00 -2.480473941595054497e-03
-5.610694889858217849e+00 -1.813580761615253252e-03
-5.560694889858217138e+00 -1.426942012543981966e-03
-5.510694889858216428e+00 -1.285903628209606646e-03
-5.460694889858215717e+00 -1.340580890699293688e-03
-5.410694889858215006e+00 -1.530605304983441916e-03
-5.360694889858214296e+00 -1.790481378304194411e-03
-5.310694889858213585e+00 -2.057763457001463795e-03
-5.260694889858212875e+00 -2.284714165247871132e-03
-5.210694889858212164e+00 -2.451578168053416065e-03
-5.160694889858211454e+00 -2.577341580822917460e-03
-5.110694889858210743e+00 -2.723079113364191509e-03
-5.060694889858210033e+00 -2.984269688621843473e-03
-5.010694889858209322e+00 -3.471430054875986309e-03
-4.960694889858208612e+00 -4.282095808937008176e-03
-4.910694889858207901e+00 -5.470429871513540765e-03
-4.860694889858207191e+00 -7.022539349568483052e-03
-4.810694889858206480e+00 -8.845153909301474091e-03
-4.760694889858205769e+00 -1.077236938567611643e-02
-4.710694889858205059e+00 -1.259029105338968502e-02
-4.660694889858204348e+00 -1.407424644595119297e-02
-4.610694889858203638e+00 -1.502980117008169761e-02
-4.560694889858202927e+00 -1.532835810150972970e-02
-4.510694889858202217e+00 -1.493036015225839008e-02
-4.460694889858201506e+00 -1.389258380601136877e-02
-4.410694889858200796e+00 -1.235927071326558928e-02
-4.360694889858200085e+00 -1.053937489931914412e-02
-4.310694889858199375e+00 -8.674166619588375912e-03
-4.260694889858198664e+00 -7.000823683693890333e-03
-4.210694889858197953e+00 -5.717953339519027921e-03
-4.160694889858197243e+00 -4.957877473419088944e-03
-4.110694889858196532e+00 -4.768597176117998944e-03
-4.060694889858195822e+00 -5.106986629294305892e-03
-4.010694889858195111e+00 -5.844732463924724210e-03
-3.960694889858194401e+00 -6.788921688065207953e-03
-3.910694889858193690e+00 -7.717849727080203920e-03
-3.860694889858192980e+00 -8.428200180356722887e-03
-3.810694889858192269e+00 -8.783489660577889491e-03
-3.760694889858191559e+00 -8.749288918224705502e-03
-3.710694889858190848e+00 -8.401980558320908468e-03
-3.660694889858190137e+00 -7.905566352080173331e-03
-3.610694889858189427e+00 -7.462236706608824967e-03
-3.560694889858188716e+00 -7.251837641979566422e-03
-3.510694889858188006e+00 -7.378852581666366095e-03
-3.460694889858187295e+00 -7.842201072177612878e-03
-3.410694889858186585e+00 -8.535313574349858573e-03
-3.360694889858185874e+00 -9.274975874251911723e-03
-3.310694889858185164e+00 -9.849967520723744777e-03
-3.260694889858184453e+00 -1.007585449164258642e-02
-3.210694889858183743e+00 -9.841054947278028708e-03
-3.160694889858183032e+00 -9.131916695305978063e-03
-3.110694889858182322e+00 -8.030883316572961367e-03
-3.060694889858181611e+00 -6.690324706574881167e-03
-3.010694889858180900e+00 -5.292225365205590823e-03
-2.960694889858180190e+00 -4.007435271020834411e-03
-2.910694889858179479e+00 -2.966121619782246741e-03
-2.860694889858178769e+00 -2.244773438981954774e-03
-2.810694889858178058e+00 -1.868075221230015501e-03
-2.760694889858177348e+00 -1.819678909894408654e-03
-2.710694889858176637e+00 -2.055865902108206314e-03
-2.660694889858175927e+00 -2.519124638373578581e-03
-2.610694889858175216e+00 -3.151897015923214428e-03
-2.560694889858174506e+00 -3.911513715800365304e-03
-2.510694889858173795e+00 -4.784919592239954451e-03
-2.460694889858173084e+00 -5.797914124078207276e-03
-2.410694889858172374e+00 -7.011497603173098489e-03
-2.360694889858171663e+00 -8.500190480982919641e-03
-2.310694889858170953e+00 -1.031413433010955165e-02
-2.260694889858170242e+00 -1.243564001576204572e-02
-2.210694889858169532e+00 -1.474707178549847404e-02
-2.160694889858168821e+00 -1.702657455666849867e-02
-2.110694889858168111e+00 -1.898001128707189206e-02
-2.060694889858167400e+00 -2.030412870441956202e-02
-2.010694889858166690e+00 -2.076278486122796335e-02
-1.960694889858165979e+00 -2.025098855652400498e-02
-1.910694889858165268e+00 -1.882429886345896031e-02
-1.860694889858164558e+00 -1.668337523150831975e-02
-1.810694889858163847e+00 -1.412021110733720913e-02
-1.760694889858163137e+00 -1.144641910018958861e-02
-1.710694889858162426e+00 -8.928677126414713214e-03
-1.660694889858161716e+00 -6.750457973355519087e-03
-1.610694889858161005e+00 -5.006177464737415761e-03
-1.560694889858160295e+00 -3.720655462248246854e-03
-1.510694889858159584e+00 -2.879133248558116663e-03
-1.460694889858158874e+00 -2.453112371817176788e-03
-1.410694889858158163e+00 -2.413119679403059013e-03
-1.360694889858157453e+00 -2.727370596034035290e-03
-1.310694889858156742e+00 -3.351766165409732733e-03
-1.260694889858156031e+00 -4.219762324446019695e-03
-1.210694889858155321e+00 -5.239833352598042074e-03
-1.160694889858154610e+00 -6.304035547011996830e-03
-1.110694889858153900e+00 -7.305204194996317742e-03
-1.060694889858153189e+00 -8.155320090699694907e-03
-1.010694889858152479e+00 -8.796442761523240103e-03
-9.606948898581517682e-01 -9.199521693059148700e-03
-9.106948898581510576e-01 -9.353474293715467389e-03
-8.606948898581503471e-01 -9.252800613715649741e-03
-8.106948898581496366e-01 -8.892634056355224262e-03
-7.606948898581489260e-01 -8.274803670093321822e-03
-7.106948898581482155e-01 -7.420668743490389969e-03
-6.606948898581475049e-01 -6.381461474901616027e-03
-6.106948898581467944e-01 -5.237948037059320106e-03
-5.606948898581460838e-01 -4.087452674995984553e-03
-5.106948898581453733e-01 -3.023427160069502764e-03
-4.606948898581446628e-01 -2.116419215690606894e-03
-4.106948898581439522e-01 -1.403882128716081156e-03
-3.606948898581432417e-01 -8.914395602293367178e-04
-3.106948898581425311e-01 -5.631848993418913166e-04
-2.606948898581418206e-01 -3.958014114470326272e-04
-2.106948898581411100e-01 -3.712442928261614427e-04
-1.606948898581403995e-01 -4.843993240681793502e-04
-1.106948898581396890e-01 -7.441866473490995433e-04
-6.069488985813897841e-02 -1.168314080577145158e-03
-1.069488985813826787e-02 -1.773335723976646877e-03
3.930511014186244267e-02 -2.563018777233211191e-03
8.930511014186315322e-02 -3.518980506998164049e-03
1.393051101418638638e-01 -4.597348664757192234e-03
1.893051101418645743e-01 -5.733220462801936340e-03
2.393051101418652848e-01 -6.851387184912726205e-03
2.893051101418659954e-01 -7.878840749284118927e-03
3.393051101418667059e-01 -8.753984586546602331e-03
3.893051101418674165e-01 -9.429959780281230164e-03
4.393051101418681270e-01 -9.873584489294449928e-03
4.893051101418688376e-01 -1.006416901150862866e-02
5.393051101418695481e-01 -9.995724714027424962e-03
5.893051101418702586e-01 -9.682262826422880289e-03
6.393051101418709692e-01 -9.161910914364159580e-03
6.893051101418716797e-01 -8.494681865433289722e-03
7.393051101418723903e-01 -7.751865584132046696e-03
7.893051101418731008e-01 -7.000090783708116243e-03
8.393051101418738114e-01 -6.286628412893241133e-03
8.893051101418745219e-01 -5.632201750764961358e-03
9.393051101418752324e-01 -5.033862248565360194e-03
9.893051101418759430e-01 -4.475877199006899135e-03
1.039305110141876654e+00 -3.943629504650481704e-03
1.089305110141877364e+00 -3.435286380662550595e-03
1.139305110141878075e+00 -2.967756181997936466e-03
1.189305110141878785e+00 -2.575782226492801495e-03
1.239305110141879496e+00 -2.304873016023301861e-03
1.289305110141880206e+00 -2.199934745665776698e-03
1.339305110141880917e+00 -2.292272704124207004e-03
1.389305110141881627e+00 -2.588284930954628648e-03
1.439305110141882338e+00 -3.063419719493153375e-03
1.489305110141883048e+00 -3.664177987822974693e-03
1.539305110141883759e+00 -4.318696370553935966e-03
1.589305110141884469e+00 -4.953205846165211271e-03
1.639305110141885180e+00 -5.508915120029002875e-03
1.689305110141885891e+00 -5.953403029243549763e-03
1.739305110141886601e+00 -6.283150523521789654e-03
1.789305110141887312e+00 -6.518142173505407297e-03
1.839305110141888022e+00 -6.692783079437467780e-03
1.889305110141888733e+00 -6.847429516342273120e-03
1.939305110141889443e+00 -7.021761579642593967e-03
1.989305110141890154e+00 -7.247810931352779117e-03
2.039305110141890864e+00 -7.540043990163541182e-03
2.089305110141891575e+00 -7.883520578745006543e-03
2.139305110141892285e+00 -8.226236009834292720e-03
2.189305110141892996e+00 -8.483815522334389736e-03
2.239305110141893707e+00 -8.560856838636910285e-03
2.289305110141894417e+00 -8.384696511518711579e-03
2.339305110141895128e+00 -7.939181834012079900e-03
2.389305110141895838e+00 -7.283453979292670022e-03
2.439305110141896549e+00 -6.545735063396645147e-03
2.489305110141897259e+00 -5.892068901220444931e-03
2.539305110141897970e+00 -5.479757152433041047e-03
2.589305110141898680e+00 -5.410565284162636990e-03
2.639305110141899391e+00 -5.698330504735066825e-03
2.689305110141900101e+00 -6.260730203571537172e-03
2.739305110141900812e+00 -6.937889174897302405e-03
2.789305110141901523e+00 -7.533012855143693225e-03
2.839305110141902233e+00 -7.863767093061966792e-03
2.889305110141902944e+00 -7.809397646147978912e-03
2.939305110141903654e+00 -7.339410463919344985e-03
2.989305110141904365e+00 -6.515622980586287943e-03
3.039305110141905075e+00 -5.468710703416814270e-03
3.089305110141905786e+00 -4.359079151278109042e-03
3.139305110141906496e+00 -3.336066824128978113e-03
3.189305110141907207e+00 -2.507620379170895971e-03
3.239305110141907917e+00 -1.926419487944869367e-03
3.289305110141908628e+00 -1.591624258137324700e-03
3.339305110141909338e+00 -1.461138276757557256e-03
3.389305110141910049e+00 -1.468500822476887131e-03
3.439305110141910760e+00 -1.540065967877416635e-03
3.489305110141911470e+00 -1.610053360634365214e-03
3.539305110141912181e+00 -1.632145611711631646e-03
3.589305110141912891e+00 -1.586599474025840667e-03
3.639305110141913602e+00 -1.482088769160757333e-03
3.689305110141914312e+00 -1.352241510302795366e-03
3.739305110141915023e+00 -1.247883980937694549e-03
3.789305110141915733e+00 -1.226716968998709705e-03
3.839305110141916444e+00 -1.342114353488411222e-03
3.889305110141917154e+00 -1.632223037841974917e-03
3.939305110141917865e+00 -2.110294973715338366e-03
3.989305110141918576e+00 -2.757694680069854801e-03
4.039305110141919286e+00 -3.521954369432040832e-03
4.089305110141919997e+00 -4.322476320931679244e-03
4.139305110141920707e+00 -5.064929876138974871e-03
4.189305110141921418e+00 -5.662035945540540120e-03
4.239305110141922128e+00 -6.054734111314982389e-03
4.289305110141922839e+00 -6.225977134944682759e-03
4.339305110141923549e+00 -6.201261609529652025e-03
4.389305110141924260e+00 -6.035206684817907667e-03
4.439305110141924970e+00 -5.789642936843959406e-03
4.489305110141925681e+00 -5.512518416151438068e-03
4.539305110141926392e+00 -5.226311536886751180e-03
4.589305110141927102e+00 -4.929849453198034692e-03
4.639305110141927813e+00 -4.611025062979079783e-03
4.689305110141928523e+00 -4.263159986256790518e-03
4.739305110141929234e+00 -3.896810263133323841e-03
4.789305110141929944e+00 -3.541676908158871567e-03
4.839305110141930655e+00 -3.238204559442566660e-03
4.889305110141931365e+00 -3.023049759163126769e-03
4.939305110141932076e+00 -2.915022600521783962e-03
4.989305110141932786e+00 -2.907612919488392067e-03
5.039305110141933497e+00 -2.971221671724535822e-03
5.089305110141934207e+00 -3.064042763752962244e-03
5.139305110141934918e+00 -3.146949413062801425e-03
5.189305110141935629e+00 -3.196303191470868839e-03
5.239305110141936339e+00 -3.209939901552517731e-03
5.289305110141937050e+00 -3.204917747338255352e-03
5.339305110141937760e+00 -3.209105877628959380e-03
5.389305110141938471e+00 -3.250544959299898808e-03
5.439305110141939181e+00 -3.348118367877702447e-03
5.489305110141939892e+00 -3.505346352971436263e-03
5.539305110141940602e+00 -3.707663559322772490e-03
5.589305110141941313e+00 -3.923312206977128992e-03
5.639305110141942023e+00 -4.108520475591555775e-03
5.689305110141942734e+00 -4.217576413651022947e-03
5.739305110141943445e+00 -4.216822173966992132e-03
5.789305110141944155e+00 -4.098984394869113930e-03
5.839305110141944866e+00 -3.892340430200043767e-03
5.889305110141945576e+00 -3.659659505864945421e-03
5.939305110141946287e+00 -3.484999404342095739e-03
5.989305110141946997e+00 -3.451038535471582895e-03
6.039305110141947708e+00 -3.613646209936077509e-03
6.089305110141948418e+00 -3.982145682149754520e-03
6.139305110141949129e+00 -4.512507194997671459e-03
6.189305110141949839e+00 -5.116840890521895044e-03
6.239305110141950550e+00 -5.687144691615571117e-03
6.289305110141951261e+00 -6.126008508026743564e-03
6.339305110141951971e+00 -6.373914303197443336e-03
6.389305110141952682e+00 -6.423537220432222819e-03
6.439305110141953392e+00 -6.316258026950022884e-03
6.489305110141954103e+00 -6.123132991143555130e-03
6.539305110141954813e+00 -5.918597721394513837e-03
6.589305110141955524e+00 -5.757272462517480822e-03
6.639305110141956234e+00 -5.661558968260502721e-03
6.689305110141956945e+00 -5.622090519076928736e-03
6.739305110141957655e+00 -5.607761539271136596e-03
6.789305110141958366e+00 -5.579559398066522881e-03
6.839305110141959076e+00 -5.503109582556842995e-03
6.889305110141959787e+00 -5.357149851874628416e-03
6.939305110141960498e+00 -5.137144744668064797e-03
6.989305110141961208e+00 -4.854177100018082676e-03
7.039305110141961919e+00 -4.529704352932889359e-03
7.089305110141962629e+00 -4.187613766374350018e-03
7.139305110141963340e+00 -3.846221693951253594e-03
7.189305110141964050e+00 -3.513414768780485312e-03
7.239305110141964761e+00 -3.187050170542739952e-03
7.289305110141965471e+00 -2.860205571207170751e-03
7.339305110141966182e+00 -2.528339723001764034e-03
7.389305110141966892e+00 -2.194539480908014057e-03
7.439305110141967603e+00 -1.870365260551603648e-03
7.489305110141968314e+00 -1.572442503294781352e-03
7.539305110141969024e+00 -1.317180667086032724e-03
7.589305110141969735e+00 -1.116580768582017087e-03
7.639305110141970445e+00 -9.769845612955529741e-04
7.689305110141971156e+00 -9.008266257611788471e-04
7.739305110141971866e+00 -8.901474148139858818e-04
7.789305110141972577e+00 -9.503237788016311374e-04
7.839305110141973287e+00 -1.092828715269444266e-03
7.889305110141973998e+00 -1.336131807794160072e-03
7.939305110141974708e+00 -1.703751029661234500e-03
7.989305110141975419e+00 -2.218365227251286719e-03
8.039305110141976130e+00 -2.891628905074571099e-03
8.089305110141976840e+00 -3.711348146237400825e-03
8.139305110141977551e+00 -4.630337824449234571e-03
8.189305110141978261e+00 -5.562903911797680880e-03
8.239305110141978972e+00 -6.393748114476906566e-03
8.289305110141979682e+00 -6.999763137965628497e-03
8.339305110141980393e+00 -7.279316206572206474e-03
8.389305110141981103e+00 -7.179254907034558937e-03
8.439305110141981814e+00 -6.709672613279147810e-03
8.489305110141982524e+00 -5.940935507764899190e-03
8.539305110141983235e+00 -4.984472891268900037e-03
8.589305110141983945e+00 -3.964869609279127356e-03
8.639305110141984656e+00 -2.993099503827195609e-03
8.689305110141985367e+00 -2.148742562500501833e-03
8.739305110141986077e+00 -1.474374380637800876e-03
8.789305110141986788e+00 -9.805517271126529353e-04
8.839305110141987498e+00 -6.568813028302408112e-04
8.889305110141988209e+00 -4.841039035416575052e-04
8.939305110141988919e+00 -4.433322378790052884e-04
8.989305110141989630e+00 -5.205054776540863053e-04
9.039305110141990340e+00 -7.059615253400966864e-04
9.089305110141991051e+00 -9.904186506333981406e-04
9.139305110141991761e+00 -1.359516487318901661e-03
9.189305110141992472e+00 -1.789339446470787675e-03
9.239305110141993183e+00 -2.244949896441372945e-03
9.289305110141993893e+00 -2.682917841791068649e-03
9.339305110141994604e+00 -3.057430950570280345e-03
9.389305110141995314e+00 -3.328306963312628944e-03
9.439305110141996025e+00 -3.468586261380552684e-03
9.489305110141996735e+00 -3.469540989200058795e-03
9.539305110141997446e+00 -3.341734325444687542e-03
9.589305110141998156e+00 -3.111861519812460491e-03
9.639305110141998867e+00 -2.816208350195234522e-03
9.689305110141999577e+00 -2.492473154546505192e-03
9.739305110142000288e+00 -2.172212112381597272e-03
9.789305110142000999e+00 -1.876034958942012333e-03
9.839305110142001709e+00 -1.612766709420037107e-03
9.889305110142002420e+00 -1.382326618691666819e-03
9.939305110142003130e+00 -1.180680932147396521e-03
9.989305110142003841e+00 -1.004605731252847332e-03
1.003930511014200455e+01 -8.544656501439816185e-04
1.008930511014200526e+01 -7.344509047740730356e-04
1.013930511014200597e+01 -6.509588753133919558e-04
1.018930511014200668e+01 -6.103716742845302981e-04
1.023930511014200739e+01 -6.171973756909657433e-04
1.028930511014200810e+01 -6.728125557143116529e-04
1.033930511014200881e+01 -7.745041278184467684e-04
1.038930511014200953e+01 -9.145589367481003068e-04
1.043930511014201024e+01 -1.079681323834698510e-03
1.048930511014201095e+01 -1.251514135283046496e-03
1.053930511014201166e+01 -1.408962308072472846e-03
1.058930511014201237e+01 -1.532232471975453637e-03
1.063930511014201308e+01 -1.607417075691943906e-03
1.068930511014201379e+01 -1.629788957298824699e-03
1.073930511014201450e+01 -1.604277238837010372e-03
1.078930511014201521e+01 -1.542823845023150002e-03
1.083930511014201592e+01 -1.459805924032943261e-03
1.088930511014201663e+01 -1.367571581976525065e-03
1.093930511014201734e+01 -1.273863555542088105e-03
1.098930511014201805e+01 -1.181709435892698210e-03
1.103930511014201876e+01 -1.091026129332700731e-03
1.108930511014201947e+01 -1.000536041796121255e-03
1.113930511014202018e+01 -9.089136372791641353e-04
1.118930511014202089e+01 -8.149869530751889394e-04
1.123930511014202160e+01 -7.175862285821618626e-04
1.128930511014202231e+01 -6.157501697369281582e-04
1.133930511014202303e+01 -5.095038731873069828e-04
1.138930511014202374e+01 -4.007853583948501122e-04
1.143930511014202445e+01 -2.938256682038962401e-04
1.148930511014202516e+01 -1.945513686582345833e-04
1.153930511014202587e+01 -1.091492240735560912e-04
1.158930511014202658e+01 -4.240873460368639787e-05
1.163930511014202729e+01 3.439209334424773698e-06
1.168930511014202800e+01 2.894609500892301120e-05
1.173930511014202871e+01 3.674036983693037173e-05
1.178930511014202942e+01 3.027630743333660358e-05
1.183930511014203013e+01 1.257362369750895761e-05
1.188930511014203084e+01 -1.459226935475793147e-05
1.193930511014203155e+01 -5.081066505998623178e-05
1.198930511014203226e+01 -9.648802953603059199e-05
1.203930511014203297e+01 -1.518719211668466960e-04
1.208930511014203368e+01 -2.160127909619926712e-04
1.213930511014203439e+01 -2.860409550810329702e-04
1.218930511014203510e+01 -3.570285293485762142e-04
1.223930511014203582e+01 -4.225119717735695800e-04
1.228930511014203653e+01 -4.755380208454086915e-04
1.233930511014203724e+01 -5.099437613776530969e-04
1.238930511014203795e+01 -5.215390575780512765e-04
1.243930511014203866e+01 -5.089187314712927384e-04
1.248930511014203937e+01 -4.737436557592771143e-04
1.253930511014204008e+01 -4.204477744558618077e-04
1.258930511014204079e+01 -3.554366953971979312e-04
1.263930511014204150e+01 -2.859469941815615413e-04
1.268930511014204221e+01 -2.188229218078218330e-04
1.273930511014204292e+01 -1.595001422196571403e-04
1.278930511014204363e+01 -1.114258942768511502e-04
1.283930511014204434e+01 -7.599588147174628227e-05
1.288930511014204505e+01 -5.291065335397242546e-05
1.293930511014204576e+01 -4.073208876218789619e-05
1.298930511014204647e+01 -3.740825698786994066e-05
1.303930511014204718e+01 -4.062542177438102365e-05
1.308930511014204789e+01 -4.797962859048135893e-05
1.313930511014204860e+01 -5.706294419693119525e-05
1.318930511014204932e+01 -6.558261052531847541e-05
1.323930511014205003e+01 -7.157420859243011544e-05
1.328930511014205074e+01 -7.367460952276566079e-05
1.333930511014205145e+01 -7.134690945200108459e-05
1.338930511014205216e+01 -6.494173462579555284e-05
1.343930511014205287e+01 -5.554121486229554014e-05
1.348930511014205358e+01 -4.462673294309508088e-05
1.353930511014205429e+01 -3.368550203499685359e-05
1.358930511014205500e+01 -2.388646138222109573e-05
1.363930511014205571e+01 -1.591178024027561452e-05
1.368930511014205642e+01 -9.957329956304325570e-06
1.373930511014205713e+01 -5.853610645961034821e-06
1.378930511014205784e+01 -3.232670484284933053e-06
1.383930511014205855e+01 -1.677087289712385576e-06
1.388930511014205926e+01 -8.173470557230666125e-07
1.393930511014205997e+01 -3.742087483135437757e-07
1.398930511014206068e+01 -1.609451768230085975e-07
1.403930511014206139e+01 -6.502772969828225016e-08
1.408930511014206211e+01 -2.468174223183340345e-08
1.413930511014206282e+01 -8.800546213840728257e-09
1.418930511014206353e+01 -2.947813736358570299e-09
1.423930511014206424e+01 -9.275707466152537210e-10
1.428930511014206495e+01 -2.741893889707283931e-10
1.433930511014206566e+01 -7.613964345898378332e-11
1.438930511014206637e+01 -1.986221271836070913e-11
1.443930511014206708e+01 -4.867444559369482784e-12
1.448930511014206779e+01 -1.120549363572285923e-12
1.453930511014206850e+01 -2.423357950540663922e-13
1.458930511014206921e+01 -4.923350300902043124e-14
1.463930511014206992e+01 -9.396378482490943611e-15
1.468930511014207063e+01 -1.684677830860255371e-15
1.473930511014207134e+01 -2.837460438169743877e-16
1.478930511014207205e+01 -4.489514349499067198e-17
1.483930511014207276e+01 -6.673067346134916082e-18
1.488930511014207347e+01 -9.317689769831667833e-19
1.493930511014207418e+01 -1.222214917919969532e-19
1.498930511014207489e+01 -1.506064281688644874e-20
1.503930511014207561e+01 -1.743395947627666274e-21
1.508930511014207632e+01 -1.895855140414355060e-22
1.513930511014207703e+01 -1.936737954697716613e-23
1.518930511014207774e+01 -1.858630979414297630e-24
1.523930511014207845e+01 -1.675606640100145275e-25
1.528930511014207916e+01 -1.419080959623441746e-26
1.533930511014207987e+01 -1.128790678749448915e-27
1.538930511014208058e+01 -8.076332271192476821e-29
1.543930511014208129e+01 4.893523101001008460e-29
1.548930511014208200e+01 7.809646027607449331e-28
1.553930511014208271e+01 1.045439503559400437e-26
1.558930511014208342e+01 1.314037668669006647e-25
1.563930511014208413e+01 1.551573387068831247e-24
1.568930511014208484e+01 1.721049727868675711e-23
1.573930511014208555e+01 1.793374998447085161e-22
1.578930511014208626e+01 1.755518448558958995e-21
1.583930511014208697e+01 1.614344727063051963e-20
1.588930511014208768e+01 1.394581038845762684e-19
1.593930511014208840e+01 1.131743027604709916e-18
1.598930511014208911e+01 8.627967369549995146e-18
1.603930511014208804e+01 6.179107562012947942e-17
1.608930511014209230e+01 4.157187486325483310e-16
1.613930511014208946e+01 2.627423393315905212e-15
1.618930511014209372e+01 1.559973095469368826e-14
1.623930511014209088e+01 8.700831315650722112e-14
1.628930511014209515e+01 4.558909643309288838e-13
1.633930511014209230e+01 2.243973971928146910e-12
1.638930511014209657e+01 1.037603052225986977e-11
1.643930511014209372e+01 4.507142206784229004e-11
1.648930511014209799e+01 1.839195417043382265e-10
1.653930511014209515e+01 7.050356639045659565e-10
1.658930511014209941e+01 2.538930957728841393e-09
1.663930511014209657e+01 8.589092717632279331e-09
1.668930511014210083e+01 2.729608020537288959e-08
1.673930511014209799e+01 8.149104278125243980e-08
1.678930511014210225e+01 2.285472814053047113e-07
1.683930511014209941e+01 6.021418868000702937e-07
1.688930511014210367e+01 1.490315483355621800e-06
1.693930511014210083e+01 3.465087318606968589e-06
1.698930511014210509e+01 7.568446554711488544e-06
1.703930511014210225e+01 1.552944414576346835e-05
1.708930511014210651e+01 2.993378775296972404e-05
1.713930511014210367e+01 5.420309071858327610e-05
1.718930511014210794e+01 9.220257920999240997e-05
1.723930511014210509e+01 1.473393715300770146e-04
1.728930511014210936e+01 2.211828778622576292e-04
1.733930511014210651e+01 3.119189459177374802e-04
1.738930511014211078e+01 4.132294166627609178e-04
1.743930511014210794e+01 5.142857452570581732e-04
1.748930511014211220e+01 6.013038546303728447e-04
1.753930511014210936e+01 6.605320093017830012e-04
1.758930511014211362e+01 6.818639402837103772e-04
1.763930511014211078e+01 6.618542258417939653e-04
1.768930511014211504e+01 6.050503282783768018e-04
1.773930511014211220e+01 5.232409348402874407e-04
1.778930511014211646e+01 4.331144972367163880e-04
1.783930511014211362e+01 3.534371873341277679e-04
1.788930511014211788e+01 3.028549048284199510e-04
1.793930511014211504e+01 2.988125377000176199e-04
1.798930511014211930e+01 3.572204169531242065e-04
1.803930511014211646e+01 4.918750518761550805e-04
1.808930511014212072e+01 7.126286033269089212e-04
1.813930511014211788e+01 1.021968147809173156e-03
1.818930511014212215e+01 1.410744655652327369e-03
1.823930511014211930e+01 1.854783081605354241e-03
1.828930511014212357e+01 2.314480253776454548e-03
1.833930511014212072e+01 2.738938370728722250e-03
1.838930511014212499e+01 3.074761132968140912e-03
1.843930511014212215e+01 3.277837542733746425e-03
1.848930511014212641e+01 3.324964858491979459e-03
1.853930511014212357e+01 3.221652156619097662e-03
1.858930511014212783e+01 3.003184172670076042e-03
1.863930511014212499e+01 2.727834469411073975e-03
1.868930511014212925e+01 2.463448670084972779e-03
1.873930511014212641e+01 2.270767377326354548e-03
1.878930511014213067e+01 2.188175788236143993e-03
1.883930511014212783e+01 2.222589255616492024e-03
1.888930511014213209e+01 2.349704835866510758e-03
1.893930511014212925e+01 2.524027724541809230e-03
1.898930511014213351e+01 2.695600465609906352e-03
1.903930511014213067e+01 2.827458918930212013e-03
1.908930511014213494e+01 2.906960242982657098e-03
1.913930511014213209e+01 2.946178259069974058e-03
1.918930511014213636e+01 2.971120056854979763e-03
1.923930511014213351e+01 3.004669294773146173e-03
1.928930511014213778e+01 3.051301501978279443e-03
1.933930511014213494e+01 3.090912573817172077e-03
1.938930511014213920e+01 3.084706633394954968e-03
1.943930511014213636e+01 2.990227700268672725e-03
1.948930511014214062e+01 2.778370343291021536e-03
1.953930511014213778e+01 2.444704969452163746e-03
1.958930511014214204e+01 2.010677602168720480e-03
1.963930511014213920e+01 1.515147943100114388e-03
1.968930511014214346e+01 1.000628043582328219e-03
1.973930511014214062e+01 4.997951158067260062e-04
1.978930511014214488e+01 2.651246958472175386e-05
1.983930511014214204e+01 -4.268088433862209791e-04
1.988930511014214630e+01 -8.855746039939156209e-04
1.993930511014214346e+01 -1.384021331336543741e-03
1.998930511014214773e+01 -1.952239786268930967e-03
2.003930511014214488e+01 -2.601537442489389000e-03
2.008930511014214915e+01 -3.312126845249420241e-03
2.013930511014214630e+01 -4.028360643126987356e-03
2.018930511014215057e+01 -4.665835708207334911e-03
2.023930511014214773e+01 -5.130817241589803041e-03
2.028930511014215199e+01 -5.346785650806260178e-03
2.033930511014214915e+01 -5.278497074856332988e-03
2.038930511014215341e+01 -4.943807653210473274e-03
2.043930511014215057e+01 -4.408451562519271477e-03
2.048930511014215483e+01 -3.766608187640439927e-03
2.053930511014215199e+01 -3.116177389403930031e-03
2.058930511014215625e+01 -2.538823593963342867e-03
2.063930511014215341e+01 -2.090793736165072990e-03
2.068930511014215767e+01 -1.804162386523533662e-03
2.073930511014215483e+01 -1.693457463510408432e-03
2.078930511014215909e+01 -1.761967336943833212e-03
2.083930511014215625e+01 -2.004998891795106101e-03
2.088930511014216052e+01 -2.411370382022663857e-03
2.093930511014215767e+01 -2.966598967514809566e-03
2.098930511014216194e+01 -3.660123072051978902e-03
2.103930511014215909e+01 -4.495208930387534045e-03
2.108930511014216336e+01 -5.496412929902021703e-03
2.113930511014216052e+01 -6.708486247900787187e-03
2.118930511014216478e+01 -8.183905591604740890e-03
2.123930511014216194e+01 -9.962528286747150338e-03
2.128930511014216620e+01 -1.205226989331019925e-02
2.133930511014216336e+01 -1.441971299019457163e-02
2.138930511014216762e+01 -1.699257914579012374e-02
2.143930511014216478e+01 -1.966576938079312581e-02
2.148930511014216904e+01 -2.229718451339425880e-02
2.153930511014216620e+01 -2.468574765781213556e-02
2.158930511014217046e+01 -2.654144041827840098e-02
2.163930511014216762e+01 -2.747530878400499671e-02
2.168930511014217188e+01 -2.704125566734146002e-02
2.173930511014216904e+01 -2.484216028445499283e-02
2.178930511014217331e+01 -2.067645392572003971e-02
2.183930511014217046e+01 -1.466759927381861353e-02
2.188930511014217473e+01 -7.310193995881655339e-03
2.193930511014217188e+01 6.073366218348016281e-04
2.198930511014217615e+01 8.191987052214990545e-03
2.203930511014217331e+01 1.468386920565409662e-02
2.208930511014217757e+01 1.965257057628101711e-02
2.213930511014217473e+01 2.307561767205134132e-02
2.218930511014217899e+01 2.526999388477969150e-02
2.223930511014217615e+01 2.670816946860996716e-02
2.228930511014218041e+01 2.779662713841930116e-02
2.233930511014217757e+01 2.870701011246182613e-02
2.238930511014218183e+01 2.932304546619346475e-02
2.243930511014217899e+01 2.931338025684719281e-02
2.248930511014218325e+01 2.828639963819363015e-02
2.253930511014218041e+01 2.595309055888450275e-02
2.258930511014218467e+01 2.223087339531889736e-02
2.263930511014218183e+01 1.725888376950138539e-02
2.268930511014218609e+01 1.134166005938384847e-02
2.273930511014218325e+01 4.868307589937322620e-03
2.278930511014218752e+01 -1.746576615986482643e-03
2.283930511014218467e+01 -8.081604592579285165e-03
2.288930511014218894e+01 -1.370348515251703161e-02
2.293930511014218609e+01 -1.817469646656195981e-02
2.298930511014219036e+01 -2.110305769470309165e-02
2.303930511014218752e+01 -2.223221796697953320e-02
2.308930511014218467e+01 -2.153826285314863753e-02
2.313930511014218894e+01 -1.928149648867821461e-02
2.318930511014219320e+01 -1.597502907775714617e-02
2.323930511014219036e+01 -1.226712714248949856e-02
2.328930511014218752e+01 -8.773121427413278425e-03
2.333930511014219178e+01 -5.914338127086754202e-03
2.338930511014219604e+01 -3.816371350481586287e-03
2.343930511014219320e+01 -2.293284995896277805e-03
2.348930511014219036e+01 -9.143336822924337352e-04
2.353930511014219462e+01 8.700525759324217187e-04
2.358930511014219888e+01 3.572539267234445086e-03
2.363930511014219604e+01 7.512702766877580977e-03
2.368930511014219320e+01 1.269142952256919511e-02
2.373930511014219746e+01 1.873085389187581495e-02
2.378930511014220173e+01 2.491134539510875615e-02
2.383930511014219888e+01 3.031590557782007367e-02
2.388930511014219604e+01 3.405441157874766062e-02
2.393930511014220031e+01 3.550207655077362162e-02
2.398930511014220457e+01 3.447182411685737607e-02
2.403930511014220173e+01 3.126277504507064819e-02
2.408930511014219888e+01 2.657881355098863640e-02
2.413930511014220315e+01 2.136528576992983985e-02
2.418930511014220741e+01 1.663839387324080391e-02
2.423930511014220457e+01 1.336643795862079223e-02
2.428930511014220173e+01 1.241457215807944929e-02
2.433930511014220599e+01 1.451350975278756401e-02
2.438930511014221025e+01 2.018899211447650402e-02
2.443930511014220741e+01 2.961068513839273941e-02
2.448930511014220457e+01 4.238039555331867686e-02
2.453930511014220883e+01 5.734989077838895805e-02
2.458930511014221310e+01 7.259570077390088694e-02
2.463930511014221025e+01 8.564920383415140781e-02
2.468930511014220741e+01 9.398429788328387102e-02
2.473930511014221167e+01 9.564176988658687484e-02
2.478930511014221594e+01 8.978281863281335762e-02
2.483930511014221310e+01 7.696574395264509094e-02
2.488930511014221025e+01 5.903608595771143303e-02
2.493930511014221452e+01 3.866669411079847601e-02
2.498930511014221878e+01 1.871091470024116923e-02
2.503930511014221594e+01 1.585754469809976279e-03
2.508930511014221310e+01 -1.112921863835900430e-02
2.513930511014221736e+01 -1.878054277721737109e-02
2.518930511014222162e+01 -2.142609347803994119e-02
2.523930511014221878e+01 -1.941577741155760956e-02
2.528930511014221594e+01 -1.292519370637176812e-02
2.533930511014222020e+01 -1.621521362817585554e-03
2.538930511014222446e+01 1.538026363936284557e-02
2.543930511014222162e+01 3.918563421844686173e-02
2.548930511014221878e+01 7.045400660784656433e-02
2.553930511014222304e+01 1.085940095937812655e-01
2.558930511014222731e+01 1.511447210266403385e-01
2.563930511014222446e+01 1.936885679325637266e-01
2.568930511014222162e+01 2.305014308964752900e-01
2.573930511014222589e+01 2.558622206037855507e-01
2.578930511014223015e+01 2.656302606766278718e-01
2.583930511014222731e+01 2.585174868725615971e-01
2.588930511014222446e+01 2.365533919776799388e-01
2.593930511014222873e+01 2.045536201171427038e-01
2.598930511014223299e+01 1.688078593451706744e-01
2.603930511014223015e+01 1.354928980592434717e-01
2.608930511014222731e+01 1.093552458809932959e-01
2.613930511014223157e+01 9.300565332059897161e-02
2.618930511014223583e+01 8.686463876868678879e-02
2.623930511014223299e+01 8.956341480185622816e-02
2.628930511014223015e+01 9.853503581617069351e-02
2.633930511014223441e+01 1.106084300878465293e-01
2.638930511014223868e+01 1.225472453907584247e-01
2.643930511014223583e+01 1.315581553018577432e-01
2.648930511014223299e+01 1.357898963844110796e-01
2.653930511014223725e+01 1.347830144259935803e-01
2.658930511014224152e+01 1.297698136397838486e-01
2.663930511014223868e+01 1.237054918176826723e-01
2.668930511014223583e+01 1.209374916382402187e-01
2.673930511014224010e+01 1.264723003321217565e-01
2.678930511014224436e+01 1.448706599467328160e-01
2.683930511014224152e+01 1.789084064183504574e-01
2.688930511014223868e+01 2.282874190979652107e-01
2.693930511014224294e+01 2.888226716405118411e-01
2.698930511014224720e+01 3.525598311795021811e-01
2.703930511014224436e+01 4.090870442552767550e-01
2.708930511014224152e+01 4.478901277145952986e-01
2.713930511014224578e+01 4.611172738144966865e-01
2.718930511014225004e+01 4.458251404211212576e-01
2.723930511014224720e+01 4.048758768115776063e-01
2.728930511014224436e+01 3.461420911316073212e-01
2.733930511014224862e+01 2.803243899509910153e-01
2.738930511014225289e+01 2.181733770614795731e-01
2.743930511014225004e+01 1.680222713347012120e-01
2.748930511014224720e+01 1.342872904212054908e-01
2.753930511014225146e+01 1.171683232558635712e-01
2.758930511014225573e+01 1.133992383429909684e-01
2.763930511014225289e+01 1.176739873741647763e-01
2.768930511014225004e+01 1.243084020836886794e-01
2.773930511014225431e+01 1.287288547600271005e-01
2.778930511014225857e+01 1.284648422772021459e-01
2.783930511014225573e+01 1.234549974927267035e-01
2.788930511014225289e+01 1.156505723904354271e-01
2.793930511014225715e+01 1.080845458547687321e-01
2.798930511014226141e+01 1.037121391186483360e-01
2.803930511014225857e+01 1.043731613220214433e-01
2.808930511014225573e+01 1.101682622008090112e-01
2.813930511014225999e+01 1.194055200724077614e-01
2.818930511014226425e+01 1.291028438514691679e-01
2.823930511014226141e+01 1.358688065967181835e-01
2.828930511014225857e+01 1.368721858864156704e-01
2.833930511014226283e+01 1.305875193602551998e-01
2.838930511014226710e+01 1.170895425377819488e-01
2.843930511014226425e+01 9.784090886038245005e-02
2.848930511014226141e+01 7.510717626162868865e-02
2.853930511014226568e+01 5.125647538819414623e-02
2.858930511014226994e+01 2.820532866095509794e-02
2.863930511014226710e+01 7.166029284807606294e-03
2.868930511014226425e+01 -1.130140997810803911e-02
2.873930511014226852e+01 -2.705085026943288354e-02
2.878930511014227278e+01 -4.008511647944013045e-02
2.883930511014226994e+01 -5.038744662988364070e-02
2.888930511014226710e+01 -5.789303534250015565e-02
2.893930511014227136e+01 -6.256902464911565098e-02
2.898930511014227562e+01 -6.453051259601536027e-02
2.903930511014227278e+01 -6.412079328304411130e-02
2.908930511014226994e+01 -6.191371774669610778e-02
2.913930511014227420e+01 -5.863466075981933062e-02
2.918930511014227847e+01 -5.502715370801157524e-02
2.923930511014227562e+01 -5.170687809026544568e-02
2.928930511014227278e+01 -4.904423339085849098e-02
2.933930511014227704e+01 -4.710623137756221601e-02
2.938930511014228131e+01 -4.567274085960856128e-02
2.943930511014227847e+01 -4.432372911884877031e-02
2.948930511014227562e+01 -4.257535795992119232e-02
2.953930511014227989e+01 -4.002779742347025577e-02
2.958930511014228415e+01 -3.648233935148761237e-02
2.963930511014228131e+01 -3.199407226523467984e-02
2.968930511014227847e+01 -2.684770253400754064e-02
2.973930511014228273e+01 -2.147028535233389684e-02
2.978930511014228699e+01 -1.631476891416681202e-02
2.983930511014228415e+01 -1.175407937544129151e-02
2.988930511014228131e+01 -8.015715556294196117e-03
2.993930511014228557e+01 -5.167521353395791370e-03
2.998930511014228983e+01 -3.146019486103933914e-03
3.003930511014228699e+01 -1.807235532702841825e-03
3.008930511014228415e+01 -9.789032830672954495e-04
3.013930511014228841e+01 -4.996702562023568744e-04
3.018930511014229268e+01 -2.402356225091331014e-04
3.023930511014228983e+01 -1.087588677962963475e-04
3.028930511014228699e+01 -4.638354065085107384e-05
3.033930511014229126e+01 -1.874902910853405735e-05
3.038930511014229552e+01 -7.536272785575103199e-06
3.043930511014229268e+01 -3.981468092645260167e-06
3.048930511014228983e+01 -4.776057323219614663e-06
3.053930511014229410e+01 -1.003138387141170274e-05
3.058930511014229836e+01 -2.279676378817965181e-05
3.063930511014229552e+01 -4.964686943011645525e-05
3.068930511014229268e+01 -1.018308196956710864e-04
3.073930511014229694e+01 -1.962747649601641396e-04
3.078930511014230120e+01 -3.554055526568344024e-04
3.083930511014229836e+01 -6.045647460473482825e-04
3.088930511014229552e+01 -9.660915997961026271e-04
3.093930511014229978e+01 -1.450275151287420744e-03
3.098930511014230404e+01 -2.045215368093837929e-03
3.103930511014230120e+01 -2.709468496944357225e-03
3.108930511014229836e+01 -3.371981705819504429e-03
3.113930511014230262e+01 -3.942223282388542145e-03
3.118930511014230689e+01 -4.329608466623858024e-03
3.123930511014230404e+01 -4.466801370508145276e-03
3.128930511014230120e+01 -4.328646364020504074e-03
3.133930511014230547e+01 -3.939245585977071626e-03
3.138930511014230973e+01 -3.364075018117868542e-03
3.143930511014230689e+01 -2.689928549608471865e-03
3.148930511014230404e+01 -1.999910054424184052e-03
3.153930511014230831e+01 -1.351642505580270695e-03
3.158930511014231257e+01 -7.644607925191905821e-04
3.163930511014230973e+01 -2.175374261773093862e-04
3.168930511014230689e+01 3.421146520865822930e-04
3.173930511014231115e+01 9.840174241575946890e-04
3.178930511014231541e+01 1.773335995973902542e-03
3.183930511014231257e+01 2.747624304475417695e-03
3.188930511014230973e+01 3.895990645330593000e-03
3.193930511014231399e+01 5.147790818513954710e-03
3.198930511014231826e+01 6.378332975090160104e-03
3.203930511014231541e+01 7.435243728128928913e-03
3.208930511014231257e+01 8.181087976120857835e-03
3.213930511014231683e+01 8.538786123121751975e-03
3.218930511014232110e+01 8.521537007820059739e-03
3.223930511014231826e+01 8.232373736537309736e-03
3.228930511014231541e+01 7.830015036571972079e-03
3.233930511014231968e+01 7.472379285412782297e-03
3.238930511014232394e+01 7.259721644965788472e-03
3.243930511014232110e+01 7.200314466029792207e-03
3.248930511014231826e+01 7.212246947149447696e-03
3.253930511014232252e+01 7.159729442618808018e-03
3.258930511014232678e+01 6.908366601749388151e-03
3.263930511014232394e+01 6.377358239979258325e-03
3.268930511014232110e+01 5.569811360736993261e-03
3.273930511014232536e+01 4.572964587147935848e-03
3.278930511014232962e+01 3.532619452178070458e-03
3.283930511014232678e+01 2.614697740043442353e-03
3.288930511014232394e+01 1.968547021189081484e-03
3.293930511014232820e+01 1.702354382877778200e-03
3.298930511014233247e+01 1.874766030849501271e-03
3.303930511014232962e+01 2.502774912693339019e-03
3.308930511014232678e+01 3.585715044050082762e-03
3.313930511014233105e+01 5.146429085793026437e-03
3.318930511014233531e+01 7.288391583766132623e-03
3.323930511014233247e+01 1.025791891819910658e-02
3.328930511014232962e+01 1.448507301334607186e-02
3.333930511014233389e+01 2.056416447737797679e-02
3.338930511014233815e+01 2.913773749402499141e-02
3.343930511014233531e+01 4.067571764567752546e-02
3.348930511014233247e+01 5.519062291033657169e-02
3.353930511014233673e+01 7.198095603317501701e-02
3.358930511014234099e+01 8.951929726879305493e-02
3.363930511014233815e+01 1.055764928599615404e-01
3.368930511014233531e+01 1.175982193100682943e-01
3.373930511014233957e+01 1.232525542049448392e-01
3.378930511014234384e+01 1.209913641811308088e-01
3.383930511014234099e+01 1.104522237516407240e-01
3.388930511014233815e+01 9.258066000645139015e-02
3.393930511014234241e+01 6.944968286454024364e-02
3.398930511014234668e+01 4.384954937357039839e-02
3.403930511014234384e+01 1.877576160895251187e-02
3.408930511014234099e+01 -3.056630662379743787e-03
3.413930511014234526e+01 -1.958482933374577559e-02
3.418930511014234952e+01 -2.962057426847982539e-02
3.423930511014234668e+01 -3.292597187900643541e-02
3.428930511014234384e+01 -3.016217670464522299e-02
3.433930511014234810e+01 -2.273020558843321520e-02
3.438930511014235236e+01 -1.251999105599903815e-02
3.443930511014234952e+01 -1.588679206448132420e-03
3.448930511014234668e+01 8.194141879670751444e-03
3.453930511014235094e+01 1.547375242088386456e-02
3.458930511014235520e+01 1.963404768343960868e-02
3.463930511014235236e+01 2.084909775002921628e-02
3.468930511014234952e+01 1.993326989470778007e-02
3.473930511014235378e+01 1.802476860897950575e-02
3.478930511014235805e+01 1.620138664367989229e-02
3.483930511014235520e+01 1.515871263015310458e-02
3.488930511014235236e+01 1.505898745552695581e-02
3.493930511014235663e+01 1.558886430493628544e-02
3.498930511014236089e+01 1.617884124446778218e-02
3.503930511014235805e+01 1.627780720625370686e-02
3.508930511014235520e+01 1.556988408609357409e-02
3.513930511014235947e+01 1.406474766207309497e-02
3.518930511014236373e+01 1.205824070034362469e-02
3.523930511014236089e+01 1.001192846314327180e-02
3.528930511014235805e+01 8.416683552270275842e-03
3.533930511014236231e+01 7.687944651857364468e-03
3.538930511014236657e+01 8.107924975776888837e-03
3.543930511014236373e+01 9.804672558640304542e-03
3.548930511014236089e+01 1.275129298408160354e-02
3.553930511014236515e+01 1.677781080380828446e-02
3.558930511014236941e+01 2.159994067379285287e-02
3.563930511014236657e+01 2.687036211080929757e-02
3.568930511014236373e+01 3.224535056102331709e-02
3.573930511014236799e+01 3.744198086794057329e-02
3.578930511014237226e+01 4.225486928276504101e-02
3.583930511014236941e+01 4.651785786483607354e-02
3.588930511014236657e+01 5.003064006883617409e-02
3.593930511014237084e+01 5.250198215963181730e-02
3.598930511014237510e+01 5.356476195415728336e-02
3.603930511014237226e+01 5.288310876103112512e-02
3.608930511014236941e+01 5.031412838879470439e-02
3.613930511014237368e+01 4.604120554804349424e-02
3.618930511014237794e+01 4.059518724104629189e-02
3.623930511014237510e+01 3.473053875945828622e-02
3.628930511014237226e+01 2.919954544591394502e-02
3.633930511014237652e+01 2.452466932212751805e-02
3.638930511014238078e+01 2.087298532169117038e-02
3.643930511014237794e+01 1.808448754186315829e-02
3.648930511014237510e+01 1.582811384967384646e-02
3.653930511014237936e+01 1.379937675871228779e-02
3.658930511014238363e+01 1.186244652772238707e-02
3.663930511014238078e+01 1.007869912205360159e-02
3.668930511014237794e+01 8.627005206415537530e-03
3.673930511014238220e+01 7.672693971750561490e-03
3.678930511014238647e+01 7.257724883197157022e-03
3.683930511014238363e+01 7.262272701546450444e-03
3.688930511014238078e+01 7.445390361206575582e-03
3.693930511014238505e+01 7.534042538191503859e-03
3.698930511014238931e+01 7.312972493729726423e-03
3.703930511014238647e+01 6.675968156322236412e-03
3.708930511014238363e+01 5.623246169908447702e-03
3.713930511014238789e+01 4.215940672811593383e-03
3.718930511014239215e+01 2.515668416283497674e-03
3.723930511014238931e+01 5.400466611050677972e-04
3.728930511014238647e+01 -1.744629999899548938e-03
3.733930511014239073e+01 -4.389559280183628377e-03
3.738930511014239499e+01 -7.403147170918538550e-03
3.743930511014239215e+01 -1.069298186311769955e-02
3.748930511014238931e+01 -1.404220812561606663e-02
3.753930511014239357e+01 -1.714148586185390219e-02
3.758930511014239784e+01 -1.967407955833973959e-02
3.763930511014239499e+01 -2.142465111152707866e-02
3.768930511014239215e+01 -2.236606050203471252e-02
3.773930511014239642e+01 -2.268356172397477388e-02
3.778930511014240068e+01 -2.272146658361713992e-02
3.783930511014239784e+01 -2.287056872764747784e-02
3.788930511014239499e+01 -2.343810910630245853e-02
3.793930511014239926e+01 -2.454563699808414573e-02
3.798930511014240352e+01 -2.608607721905185917e-02
3.803930511014240068e+01 -2.775012696186396691e-02
3.808930511014239784e+01 -2.911328836131523573e-02
3.813930511014240210e+01 -2.976155117913365650e-02
3.818930511014240636e+01 -2.942484592922574999e-02
3.823930511014240352e+01 -2.808288920832738636e-02
3.828930511014240068e+01 -2.601102422444241669e-02
3.833930511014240494e+01 -2.374682409502615679e-02
3.838930511014240921e+01 -2.197943891766796984e-02
3.843930511014240636e+01 -2.138586846589768040e-02
3.848930511014240352e+01 -2.245403550913897123e-02
3.853930511014240778e+01 -2.533802859058027074e-02
3.858930511014241205e+01 -2.978617736861419521e-02
3.863930511014240921e+01 -3.516829700461196473e-02
3.868930511014240636e+01 -4.060453505018185583e-02
3.873930511014241063e+01 -4.516754953811882856e-02
3.878930511014241489e+01 -4.810160470374130748e-02
3.883930511014241205e+01 -4.899072295193285936e-02
3.888930511014240921e+01 -4.782331232211042837e-02
3.893930511014241347e+01 -4.493928747249333749e-02
3.898930511014241773e+01 -4.088995994437594206e-02
3.903930511014241489e+01 -3.626917649557807877e-02
3.908930511014241205e+01 -3.157439326947740488e-02
3.913930511014241631e+01 -2.713303859037489302e-02
3.918930511014242057e+01 -2.309836141075071944e-02
3.923930511014241773e+01 -1.949548910971646981e-02
3.928930511014241489e+01 -1.628948493462165081e-02
3.933930511014241915e+01 -1.345056986075020104e-02
3.938930511014242342e+01 -1.100102575350013663e-02
3.943930511014242057e+01 -9.037977848390102084e-03
3.948930511014241773e+01 -7.732956584211129157e-03
3.953930511014242200e+01 -7.311621376931289051e-03
3.958930511014242626e+01 -8.016072975862499270e-03
3.963930511014242342e+01 -1.005082247510293361e-02
3.968930511014242057e+01 -1.351583864822481634e-02
3.973930511014242484e+01 -1.833812243836356257e-02
3.978930511014242910e+01 -2.422361057484571228e-02
3.983930511014242626e+01 -3.065564881740731953e-02
3.988930511014242342e+01 -3.695702702353702990e-02
3.993930511014242768e+01 -4.240953846336378841e-02
3.998930511014243194e+01 -4.639876026725815727e-02
4.003930511014242910e+01 -4.853805918935766295e-02
4.008930511014242626e+01 -4.873458286774368098e-02
4.013930511014243052e+01 -4.718667389052437489e-02
4.018930511014243478e+01 -4.432991029946002637e-02
4.023930511014243194e+01 -4.076097164134020318e-02
4.028930511014242910e+01 -3.716079325210221856e-02
4.033930511014243336e+01 -3.422256466187724444e-02
4.038930511014243763e+01 -3.258281541013818838e-02
4.043930511014243478e+01 -3.276215870932096264e-02
4.048930511014243194e+01 -3.513643399224430225e-02
4.053930511014243621e+01 -3.995939804669047107e-02
4.058930511014244047e+01 -4.743205770850928565e-02
4.063930511014243763e+01 -5.776982706058158418e-02
4.068930511014243478e+01 -7.118736652064680537e-02
4.073930511014243905e+01 -8.773726169040760303e-02
4.078930511014244331e+01 -1.070151386765143958e-01
4.083930511014244047e+01 -1.278509518717829974e-01
4.088930511014243763e+01 -1.481790502285612598e-01
4.093930511014244189e+01 -1.652543367218748671e-01
4.098930511014244615e+01 -1.762435447698334212e-01
4.103930511014244331e+01 -1.790281958828915665e-01
4.108930511014244047e+01 -1.729170289222449197e-01
4.113930511014244473e+01 -1.589715054833884811e-01
4.118930511014244900e+01 -1.398081442993003853e-01
4.123930511014244615e+01 -1.189706699657095273e-01
4.128930511014244331e+01 -1.001343608462756524e-01
4.133930511014244757e+01 -8.642470223994683232e-02
4.138930511014245184e+01 -8.000805742796529563e-02
4.143930511014244900e+01 -8.193637916804376309e-02
4.148930511014244615e+01 -9.211668747133784640e-02
4.153930511014245042e+01 -1.092921877940866010e-01
4.158930511014245468e+01 -1.310378323410883727e-01
4.163930511014245184e+01 -1.538916508771344394e-01
4.168930511014244900e+01 -1.737633556525491063e-01
4.173930511014245326e+01 -1.866483714779132719e-01
4.178930511014245752e+01 -1.894880949842851769e-01
4.183930511014245468e+01 -1.808766974349841905e-01
4.188930511014245184e+01 -1.613250440710460309e-01
4.193930511014245610e+01 -1.329676797768108432e-01
4.198930511014246036e+01 -9.884856827655733036e-02
4.203930511014245752e+01 -6.210443145546556964e-02
4.208930511014245468e+01 -2.537881180908170553e-02
4.213930511014245894e+01 9.356044472664935829e-03
4.218930511014246321e+01 4.062296488706704234e-02
4.223930511014246036e+01 6.713708740735541136e-02
4.228930511014245752e+01 8.763345531105344588e-02
4.233930511014246179e+01 1.009642106460509198e-01
4.238930511014246605e+01 1.064189300427932916e-01
4.243930511014246321e+01 1.040768949550890804e-01
4.248930511014246036e+01 9.497339319318540141e-02
4.253930511014246463e+01 8.095885928867836701e-02
4.258930511014246889e+01 6.428659904543787551e-02
4.263930511014246605e+01 4.709235588474888073e-02
4.268930511014246321e+01 3.096413663519847342e-02
4.273930511014246747e+01 1.673843913144718726e-02
4.278930511014247173e+01 4.545157217170491849e-03
4.283930511014246889e+01 -5.979309951059806789e-03
4.288930511014246605e+01 -1.543833962988862621e-02
4.293930511014247031e+01 -2.448966311074576158e-02
4.298930511014247458e+01 -3.377221294686238301e-02
4.303930511014247173e+01 -4.391308612787415966e-02
4.308930511014246889e+01 -5.553157263206623395e-02
4.313930511014247315e+01 -6.915732971845592325e-02
4.318930511014247742e+01 -8.503485144357185443e-02
4.323930511014247458e+01 -1.028715816108321662e-01
4.328930511014247173e+01 -1.216551719186691888e-01
4.333930511014247600e+01 -1.396704656075438700e-01
4.338930511014248026e+01 -1.547742217596507486e-01
4.343930511014247742e+01 -1.648678430464069478e-01
4.348930511014247458e+01 -1.684097341266039272e-01
4.353930511014247884e+01 -1.647857477587907071e-01
4.358930511014248310e+01 -1.544198809697689689e-01
4.363930511014248026e+01 -1.386181889997510908e-01
4.368930511014247742e+01 -1.192349104572563573e-01
4.373930511014248168e+01 -9.828825116941884710e-02
4.378930511014248594e+01 -7.763268851657385838e-02
4.383930511014248310e+01 -5.874527089920384554e-02
4.388930511014248026e+01 -4.263910666204492883e-02
4.393930511014248452e+01 -2.989362822074666595e-02
4.398930511014248879e+01 -2.078308844033966221e-02
4.403930511014248594e+01 -1.547820719752606745e-02
4.408930511014248310e+01 -1.428109407604248419e-02
4.413930511014248737e+01 -1.783009459174019276e-02
4.418930511014249163e+01 -2.718784108637389146e-02
4.423930511014248879e+01 -4.371939313411006556e-02
4.428930511014248594e+01 -6.869966804292174101e-02
4.433930511014249021e+01 -1.026760893541223407e-01
4.438930511014249447e+01 -1.447436932920453112e-01
4.443930511014249163e+01 -1.920149350819050360e-01
4.448930511014248879e+01 -2.396026793917103714e-01
4.453930511014249305e+01 -2.813133155239150862e-01
4.458930511014249731e+01 -3.109728191265798136e-01
4.463930511014249447e+01 -3.239913841539606154e-01
4.468930511014249163e+01 -3.185851744543036768e-01
4.473930511014249589e+01 -2.961510558638703050e-01
4.478930511014250015e+01 -2.606279648666025572e-01
4.483930511014249731e+01 -2.171171298400838001e-01
4.488930511014249447e+01 -1.703455705196771364e-01
4.493930511014249873e+01 -1.235861185497294373e-01
4.498930511014250300e+01 -7.839554317910020498e-02
4.503930511014250015e+01 -3.514682834622311070e-02
4.508930511014249731e+01 5.996766045430891416e-03
4.513930511014250158e+01 4.415877656013224989e-02
4.518930511014250584e+01 7.729861375251666222e-02
4.523930511014250300e+01 1.024300004441484890e-01
4.528930511014250015e+01 1.164299054576059395e-01
4.533930511014250442e+01 1.171277049709494728e-01
4.538930511014250868e+01 1.042527214653262146e-01
4.543930511014250584e+01 7.986362556320177053e-02
4.548930511014250300e+01 4.806999869551920740e-02
4.553930511014250726e+01 1.411434990037392818e-02
4.558930511014251152e+01 -1.688983142224682876e-02
4.563930511014250868e+01 -4.116104806625318913e-02
4.568930511014250584e+01 -5.703830098591041592e-02
4.573930511014251010e+01 -6.516816868102527638e-02
4.578930511014251437e+01 -6.811183392669606373e-02
4.583930511014251152e+01 -6.955574013836771097e-02
4.588930511014250868e+01 -7.337602575937324234e-02
4.593930511014251294e+01 -8.278056043623850668e-02
4.598930511014251721e+01 -9.967555613633875822e-02
4.603930511014251437e+01 -1.243250190105252839e-01
4.608930511014251152e+01 -1.553167482222642670e-01
4.613930511014251579e+01 -1.898149748753470978e-01
4.618930511014252005e+01 -2.240509210318971656e-01
4.623930511014251721e+01 -2.539705364933336762e-01
4.628930511014251437e+01 -2.759302657923773938e-01
4.633930511014251863e+01 -2.873186558179189887e-01
4.638930511014252289e+01 -2.869890163546517381e-01
4.643930511014252005e+01 -2.754149001785070050e-01
4.648930511014251721e+01 -2.545263647445146216e-01
4.653930511014252147e+01 -2.272534900160297355e-01
4.658930511014252573e+01 -1.968865243792927988e-01
4.663930511014252289e+01 -1.664298274690170498e-01
4.668930511014252005e+01 -1.381387747845075065e-01
4.673930511014252431e+01 -1.133632560103759734e-01
4.678930511014252858e+01 -9.269978110531082449e-02
4.683930511014252573e+01 -7.633413317734562276e-02
4.688930511014252289e+01 -6.439592550093478640e-02
4.693930511014252716e+01 -5.716772919956283894e-02
4.698930511014253142e+01 -5.507328703732233127e-02
4.703930511014252858e+01 -5.846774194621488091e-02
4.708930511014252573e+01 -6.732946990678499721e-02
4.713930511014253000e+01 -8.098871226400369827e-02
4.718930511014253426e+01 -9.801829862154672057e-02
4.723930511014253142e+01 -1.163591344362010088e-01
4.728930511014252858e+01 -1.336689691151271842e-01
4.733930511014253284e+01 -1.477933464659849927e-01
4.738930511014253710e+01 -1.572014429237887367e-01
4.743930511014253426e+01 -1.612397381254110640e-01
4.748930511014253142e+01 -1.601351003022858099e-01
4.753930511014253568e+01 -1.547868116358988022e-01
4.758930511014253995e+01 -1.464636145538927847e-01
4.763930511014253710e+01 -1.365247969923455429e-01
4.768930511014253426e+01 -1.262215653357580403e-01
4.773930511014253852e+01 -1.165605804944994106e-01
4.778930511014254279e+01 -1.081849499170565027e-01
4.783930511014253995e+01 -1.012661150259259735e-01
4.788930511014253710e+01 -9.546249811812283770e-02
4.793930511014254137e+01 -9.002272465816031632e-02
4.798930511014254563e+01 -8.405912926820048592e-02
4.803930511014254279e+01 -7.691946533214608084e-02
4.808930511014253995e+01 -6.851052073313397550e-02
4.813930511014254421e+01 -5.943167555336451718e-02
4.818930511014254847e+01 -5.085800884803049621e-02
4.823930511014254563e+01 -4.421876715821768111e-02
4.828930511014254279e+01 -4.078760665745021635e-02
4.833930511014254705e+01 -4.131068114190386553e-02
4.838930511014255131e+01 -4.576483777947928933e-02
4.843930511014254847e+01 -5.329477901064499923e-02
4.848930511014254563e+01 -6.234353405182391922e-02
4.853930511014254989e+01 -7.095917709875508572e-02
4.858930511014255416e+01 -7.722004721585849774e-02
4.863930511014255131e+01 -7.967505007323323618e-02
4.868930511014254847e+01 -7.767056162278107578e-02
4.873930511014255273e+01 -7.145839385233412888e-02
4.878930511014255700e+01 -6.205293859332684098e-02
4.883930511014255416e+01 -5.089890338886555315e-02
4.888930511014255131e+01 -3.947686579609396146e-02
4.893930511014255558e+01 -2.898016778937517052e-02
4.898930511014255984e+01 -2.014668180662328861e-02
4.903930511014255700e+01 -1.325591019038445915e-02
4.908930511014255416e+01 -8.244554591086774437e-03
4.913930511014255842e+01 -4.872839615876089180e-03
4.918930511014256268e+01 -2.884876253928041114e-03
4.923930511014255984e+01 -2.129466250901272412e-03
4.928930511014255700e+01 -2.624892931965970740e-03
4.933930511014256126e+01 -4.557168787177411258e-03
4.938930511014256552e+01 -8.203777225037728674e-03
4.943930511014256268e+01 -1.378660063619208814e-02
4.948930511014255984e+01 -2.128413958291221555e-02
4.953930511014256410e+01 -3.026569635416790152e-02
4.958930511014256837e+01 -3.982781797451818290e-02
4.963930511014256552e+01 -4.869470574152572756e-02
4.968930511014256268e+01 -5.548511216259231771e-02
4.973930511014256695e+01 -5.907067044702356273e-02
4.978930511014257121e+01 -5.889553122942248198e-02
4.983930511014256837e+01 -5.513003981038145512e-02
4.988930511014256552e+01 -4.859696545194132355e-02
4.993930511014256979e+01 -4.050539878056939880e-02
4.998930511014257405e+01 -3.210423548078441408e-02
5.003930511014257121e+01 -2.438637383347002502e-02
5.008930511014256837e+01 -1.793329343083901323e-02
5.013930511014257263e+01 -1.291715456368566425e-02
5.018930511014257689e+01 -9.214355552332326171e-03
5.023930511014257405e+01 -6.557369819801251581e-03
5.028930511014257121e+01 -4.662674700553774178e-03
5.033930511014257547e+01 -3.304713780317366633e-03
5.038930511014257974e+01 -2.337674012351825814e-03
5.043930511014257689e+01 -1.684720644546654992e-03
5.048930511014257405e+01 -1.316154032296728811e-03
5.053930511014257831e+01 -1.229856363717257142e-03
5.058930511014258258e+01 -1.437672578827085086e-03
5.063930511014257974e+01 -1.956001825262732897e-03
5.068930511014257689e+01 -2.799993648865131517e-03
5.073930511014258116e+01 -3.987097793903078037e-03
5.078930511014258542e+01 -5.563692496702720910e-03
5.083930511014258258e+01 -7.672924854440977410e-03
5.088930511014257974e+01 -1.067678085812312667e-02
5.093930511014258400e+01 -1.532560572786615359e-02
5.098930511014258826e+01 -2.293248465537446948e-02
5.103930511014258542e+01 -3.546500793028015130e-02
5.108930511014258258e+01 -5.543226827920597760e-02
5.113930511014258684e+01 -8.545129056604819362e-02
5.118930511014259110e+01 -1.274552199847293066e-01
5.123930511014258826e+01 -1.816622354382324278e-01
5.128930511014258542e+01 -2.456162816006697835e-01
5.133930511014258968e+01 -3.137411395393495672e-01
5.138930511014259395e+01 -3.778049948871305408e-01
5.143930511014259110e+01 -4.284198002314849596e-01
5.148930511014258826e+01 -4.572712620542875306e-01
5.153930511014259253e+01 -4.593883902714364087e-01
5.158930511014259679e+01 -4.346400648191438010e-01
5.163930511014259395e+01 -3.878961509828906529e-01
5.168930511014259110e+01 -3.278115985699935342e-01
5.173930511014259537e+01 -2.647197372928130621e-01
5.178930511014259963e+01 -2.083876630107394656e-01
5.183930511014259679e+01 -1.662862695653243295e-01
5.188930511014259395e+01 -1.426716795834489238e-01
5.193930511014259821e+01 -1.384028175803031779e-01
5.198930511014260247e+01 -1.512345159671726336e-01
5.203930511014259963e+01 -1.763715895470853723e-01
5.208930511014259679e+01 -2.072296928579451247e-01
5.213930511014260105e+01 -2.364480677724880020e-01
5.218930511014260532e+01 -2.571351827254895750e-01
5.223930511014260247e+01 -2.641416974466855305e-01
5.228930511014259963e+01 -2.549961209241897175e-01
5.233930511014260389e+01 -2.301549466416309697e-01
5.238930511014260816e+01 -1.924476428395514027e-01
5.243930511014260532e+01 -1.459313932362845123e-01
5.248930511014260247e+01 -9.462785393451203508e-02
5.253930511014260674e+01 -4.164964555896247256e-02
5.258930511014261100e+01 1.098332669330765940e-02
5.263930511014260816e+01 6.188034812845630978e-02
5.268930511014260532e+01 1.095182317369358116e-01
5.273930511014260958e+01 1.516551987263361490e-01
5.278930511014261384e+01 1.852827634431286896e-01
5.283930511014261100e+01 2.071886280789402568e-01
5.288930511014260816e+01 2.148781085498215893e-01
5.293930511014261242e+01 2.074027245066172309e-01
5.298930511014261668e+01 1.856762025158668616e-01
5.303930511014261384e+01 1.521083307777841287e-01
5.308930511014261100e+01 1.097290601471447163e-01
5.313930511014261526e+01 6.123272613247771057e-02
5.318930511014261953e+01 8.413454141094952460e-03
5.323930511014261668e+01 -4.773306120804635122e-02
5.328930511014261384e+01 -1.063041795539330092e-01
5.333930511014261810e+01 -1.655639407101250349e-01
5.338930511014262237e+01 -2.223269944275719501e-01
5.343930511014261953e+01 -2.720800482406363074e-01
5.348930511014261668e+01 -3.099392421734573633e-01
5.353930511014262095e+01 -3.321264723478682956e-01
5.358930511014262521e+01 -3.373446402718085491e-01
5.363930511014262237e+01 -3.274078694962084812e-01
5.368930511014261953e+01 -3.067764341326729149e-01
5.373930511014262379e+01 -2.811298363135161238e-01
5.378930511014262805e+01 -2.555483982699079393e-01
5.383930511014262521e+01 -2.330452187111235196e-01
5.388930511014262237e+01 -2.140165634411523299e-01
5.393930511014262663e+01 -1.967585448851200403e-01
5.398930511014263089e+01 -1.787468196571141976e-01
5.403930511014262805e+01 -1.581053789561377709e-01
5.408930511014262521e+01 -1.347005173956938306e-01
5.413930511014262947e+01 -1.105387819497546525e-01
5.418930511014263374e+01 -8.947170225343564764e-02
5.423930511014263089e+01 -7.645366494711137995e-02
5.428930511014262805e+01 -7.667603313366207207e-02
5.433930511014263232e+01 -9.483023265401095692e-02
5.438930511014263658e+01 -1.346241471962932867e-01
5.443930511014263374e+01 -1.985736138852631227e-01
5.448930511014263089e+01 -2.880339129890338579e-01
5.453930511014263516e+01 -4.033824047623568165e-01
5.458930511014263942e+01 -5.441720639283132988e-01
5.463930511014263658e+01 -7.089826187780796651e-01
5.468930511014263374e+01 -8.947241124909415255e-01
5.473930511014263800e+01 -1.095411311906886676e+00
5.478930511014264226e+01 -1.300884858755953832e+00
5.483930511014263942e+01 -1.496343705299935101e+00
5.488930511014263658e+01 -1.663518747933798725e+00
5.493930511014264084e+01 -1.783695230192764880e+00
5.498930511014264511e+01 -1.841824718500187252e+00
5.503930511014264226e+01 -1.830230651807623010e+00
5.508930511014263942e+01 -1.750427388368612336e+00
5.513930511014263658e+01 -1.612400642409611562e+00
5.518930511014264795e+01 -1.431846971253417200e+00
5.523930511014264511e+01 -1.226645265404670448e+00
5.528930511014264226e+01 -1.013835641497436324e+00
5.533930511014265363e+01 -8.077617572363915421e-01
5.538930511014265079e+01 -6.193065809011748524e-01
5.543930511014264795e+01 -4.557723547098776473e-01
5.548930511014264511e+01 -3.210167565341075502e-01
5.553930511014264226e+01 -2.157284447203325628e-01
5.558930511014265363e+01 -1.379141200763134290e-01
5.563930511014265079e+01 -8.365284897461110203e-02
5.568930511014264795e+01 -4.803063313829791098e-02
5.573930511014265932e+01 -2.605310998157815000e-02
5.578930511014265647e+01 -1.333718704921915688e-02
5.583930511014265363e+01 -6.485776901427192827e-03
5.588930511014265079e+01 -3.175187062337219042e-03
5.593930511014264795e+01 -2.062927417381449705e-03
5.598930511014265932e+01 -2.631221874087277379e-03
5.603930511014265647e+01 -5.035150792156834441e-03
5.608930511014265363e+01 -9.957999245664407584e-03
5.613930511014266500e+01 -1.842345381756832837e-02
5.618930511014266216e+01 -3.150087147022223588e-02
5.623930511014265932e+01 -4.988016158287088969e-02
5.628930511014265647e+01 -7.338004987699789372e-02
5.633930511014265363e+01 -1.005510864698255930e-01
5.638930511014266500e+01 -1.285826235263469453e-01
5.643930511014266216e+01 -1.536672198179009075e-01
5.648930511014265932e+01 -1.718105540582201829e-01
5.653930511014267069e+01 -1.798647724143777327e-01
5.658930511014266784e+01 -1.764203688021513117e-01
5.663930511014266500e+01 -1.622097762963659040e-01
5.668930511014266216e+01 -1.398637783017814551e-01
5.673930511014265932e+01 -1.131287208589057125e-01
5.678930511014267069e+01 -8.586025882338833848e-02
5.683930511014266784e+01 -6.115811707209023451e-02
5.688930511014266500e+01 -4.089144846749506734e-02
5.693930511014267637e+01 -2.566773887401704174e-02
5.698930511014267353e+01 -1.512755494588272943e-02
5.703930511014267069e+01 -8.371750422022048235e-03
5.708930511014266784e+01 -4.350742651135408937e-03
5.713930511014266500e+01 -2.123427340237001547e-03
5.718930511014267637e+01 -9.733315219862622878e-04
5.723930511014267353e+01 -4.190367288472243452e-04
5.728930511014267069e+01 -1.694441652430497792e-04
5.733930511014268205e+01 -6.435718147307526252e-05
5.738930511014267921e+01 -2.296009778764725293e-05
5.743930511014267637e+01 -7.694234417733294818e-06
5.748930511014267353e+01 -2.422028264027343381e-06
5.753930511014267069e+01 -7.161780899741401417e-07
5.758930511014268205e+01 -1.989279391739210468e-07
5.763930511014267921e+01 -5.190480005479560990e-08
5.768930511014267637e+01 -1.272212349354711543e-08
5.773930511014268774e+01 -2.929239084229570251e-09
5.778930511014268490e+01 -6.335712589338455059e-10
5.783930511014268205e+01 -1.287310941025251361e-10
5.788930511014267921e+01 -2.457086132661354274e-11
5.793930511014267637e+01 -4.405625134491136277e-12
5.798930511014268774e+01 -7.420719719861295896e-13
5.803930511014268490e+01 -1.174185584844333105e-13
5.808930511014268205e+01 -1.745341580447815302e-14
5.813930511014269342e+01 -2.437124527770172260e-15
5.818930511014269058e+01 -3.196900453833126078e-16
5.823930511014268774e+01 -3.939444976051491697e-17
5.828930511014268490e+01 -4.560325581817933855e-18
5.833930511014268205e+01 -4.959202461204378524e-19
5.838930511014269342e+01 -5.066210700989449147e-20
5.843930511014269058e+01 -4.861947645182178186e-21
5.848930511014268774e+01 -4.383218248066266595e-22
5.853930511014269911e+01 -3.712204036012425396e-23
5.858930511014269626e+01 -2.953429589996159885e-24
5.863930511014269342e+01 -2.207382218094218055e-25
5.868930511014269058e+01 -1.549832169639128343e-26
5.873930511014268774e+01 -1.022228727076653350e-27
5.878930511014269911e+01 -6.333850736333370990e-29
5.883930511014269626e+01 -3.686752175736722700e-30
5.888930511014269342e+01 -2.015934794035851671e-31
5.893930511014270479e+01 -1.035536619974787692e-32
5.898930511014270195e+01 -4.997017997404306645e-34
5.903930511014269911e+01 -2.265232885632667037e-35
5.908930511014269626e+01 -9.646534280269995282e-37
5.913930511014269342e+01 -3.859102291559812254e-38
5.918930511014270479e+01 -1.450299860494810321e-39
5.923930511014270195e+01 -5.120187516386875253e-41
5.928930511014269911e+01 -1.698128231906023183e-42
5.933930511014271048e+01 -5.290682012556520448e-44
5.938930511014270763e+01 -1.548493563535895865e-45
5.943930511014270479e+01 -4.257588863316306654e-47
5.948930511014270195e+01 -1.099700984398879212e-48
5.953930511014269911e+01 -2.668345646188856927e-50
5.958930511014271048e+01 -6.082276218024609906e-52
5.963930511014270763e+01 -1.302407165026670086e-53
5.968930511014270479e+01 -2.619895689390676549e-55
5.973930511014271616e+01 -4.950827690317706132e-57
5.978930511014271332e+01 -8.788772262303798508e-59
5.983930511014271048e+01 -1.465666631621034104e-60
5.988930511014270763e+01 -2.296142201304094001e-62
5.993930511014270479e+01 -3.379239337546694323e-64
5.998930511014271616e+01 -4.671923422216410793e-66
6.003930511014271332e+01 -6.067769457092344915e-68
6.008930511014271048e+01 -7.403192128151612117e-70
6.013930511014272184e+01 -8.485267974865933127e-72
6.018930511014271900e+01 -9.136265211016174614e-74
6.023930511014271616e+01 -9.241201229877332205e-76
6.028930511014271332e+01 -8.781015635474397242e-78
6.033930511014271048e+01 -7.838223950059003863e-80
6.038930511014272184e+01 -6.572750991051845192e-82
6.043930511014271900e+01 -5.177657101561670234e-84
6.048930511014271616e+01 -3.831563130243463406e-86
6.053930511014272753e+01 -2.663638480767145657e-88
6.058930511014272469e+01 -1.739526983083265516e-90
6.063930511014272184e+01 -1.067194685480704174e-92
6.068930511014271900e+01 -6.150532710324086608e-95
6.073930511014271616e+01 -3.329955316962049627e-97
6.078930511014272753e+01 -1.693638330563656838e-99
6.083930511014272469e+01 -8.092068249805719798e-102
6.088930511014272184e+01 -3.632076562871594469e-104
6.093930511014273321e+01 -1.531464898760526990e-106
6.098930511014273037e+01 -6.066185610259326326e-109
6.103930511014272753e+01 -2.257256626562365715e-111
6.108930511014272469e+01 -7.890468194897281621e-114
6.113930511014272184e+01 -2.591082286886730383e-116
6.118930511014273321e+01 -7.993118141491980276e-119
6.123930511014273037e+01 -2.316369583719114097e-121
6.128930511014272753e+01 -6.306030543497966712e-124
6.133930511014273890e+01 -1.612727090137320806e-126
6.138930511014273605e+01 -3.874559078036277916e-129
6.143930511014273321e+01 -8.744606839507424598e-132
6.148930511014273037e+01 -1.854022003594775652e-134
6.153930511014272753e+01 -3.692717416751932237e-137
6.158930511014273890e+01 -6.909296982019758743e-140
6.163930511014273605e+01 -1.214446089521236383e-142
6.168930511014273321e+01 -2.005299364280520873e-145
6.173930511014274458e+01 -3.110547132316216215e-148
6.178930511014274174e+01 -4.532637123258370197e-151
6.183930511014273890e+01 -6.204713192203205289e-154
6.188930511014273605e+01 -7.979011044735508828e-157
6.193930511014273321e+01 -9.639022986661514959e-160
6.198930511014274458e+01 -1.093889769255809288e-162
6.203930511014274174e+01 -1.166193724403898788e-165
6.208930511014273890e+01 -1.167950493202955559e-168
6.213930511014275027e+01 -1.098840767668111398e-171
