# Energy(eV) COHP
-8.960694889858265455e+00 -1.902170206691636334e-07
-8.910694889858264744e+00 -5.011565749038101832e-07
-8.860694889858264034e+00 -1.240381695885093739e-06
-8.810694889858263323e+00 -2.884007430661364910e-06
-8.760694889858262613e+00 -6.299397299886424886e-06
-8.710694889858261902e+00 -1.292611979826796970e-05
-8.660694889858261192e+00 -2.491803336420459871e-05
-8.610694889858260481e+00 -4.512896587982605007e-05
-8.560694889858259771e+00 -7.679484967883210521e-05
-8.510694889858259060e+00 -1.228065820351034254e-04
-8.460694889858258350e+00 -1.846199631060666208e-04
-8.410694889858257639e+00 -2.611019859178112783e-04
-8.360694889858256929e+00 -3.478752063932842847e-04
-8.310694889858256218e+00 -4.378342600911525094e-04
-8.260694889858255507e+00 -5.233175764951757385e-04
-8.210694889858254797e+00 -5.998811582602544277e-04
-8.160694889858254086e+00 -6.708739375160409271e-04
-8.110694889858253376e+00 -7.513324676053699611e-04
-8.060694889858252665e+00 -8.693994584709353445e-04
-8.010694889858251955e+00 -1.063733643495480075e-03
-7.960694889858251244e+00 -1.376270870203859242e-03
-7.910694889858250534e+00 -1.841104180314922156e-03
-7.860694889858249823e+00 -2.471864253635447112e-03
-7.810694889858249113e+00 -3.251259942437314220e-03
-7.760694889858248402e+00 -4.126698845391422489e-03
-7.710694889858247691e+00 -5.014654637505652768e-03
-7.660694889858246981e+00 -5.813819835670921803e-03
-7.610694889858246270e+00 -6.424036639952790569e-03
-7.560694889858245560e+00 -6.765917902327784304e-03
-7.510694889858244849e+00 -6.795944374665166023e-03
-7.460694889858244139e+00 -6.513603372538122500e-03
-7.410694889858243428e+00 -5.959809286986646193e-03
-7.360694889858242718e+00 -5.208193647774599436e-03
-7.310694889858242007e+00 -4.352184881688649434e-03
-7.260694889858241297e+00 -3.491120782722413260e-03
-7.210694889858240586e+00 -2.718228332928163821e-03
-7.160694889858239875e+00 -2.112298970179180349e-03
-7.110694889858239165e+00 -1.733326419084010861e-03
-7.060694889858238454e+00 -1.620618439195372230e-03
-7.010694889858237744e+00 -1.790813099240028778e-03
-6.960694889858237033e+00 -2.233793699246838359e-03
-6.910694889858236323e+00 -2.906949520700203259e-03
-6.860694889858235612e+00 -3.731512779987127600e-03
-6.810694889858234902e+00 -4.596719928592842355e-03
-6.760694889858234191e+00 -5.376341952499353455e-03
-6.710694889858233481e+00 -5.957323596153303417e-03
-6.660694889858232770e+00 -6.273738416136821240e-03
-6.610694889858232060e+00 -6.334369945449093431e-03
-6.560694889858231349e+00 -6.231924453108605121e-03
-6.510694889858230638e+00 -6.126907343974116564e-03
-6.460694889858229928e+00 -6.207641412950380341e-03
-6.410694889858229217e+00 -6.636386983986200007e-03
-6.360694889858228507e+00 -7.496970992307006899e-03
-6.310694889858227796e+00 -8.760080910265293647e-03
-6.260694889858227086e+00 -1.027819586045375898e-02
-6.210694889858226375e+00 -1.181386773059924823e-02
-6.160694889858225665e+00 -1.309471686297711442e-02
-6.110694889858224954e+00 -1.387933410996030313e-02
-6.060694889858224244e+00 -1.401408647477507541e-02
-6.010694889858223533e+00 -1.346401627706149753e-02
-5.960694889858222822e+00 -1.231070346331999445e-02
-5.910694889858222112e+00 -1.072183348468152414e-02
-5.860694889858221401e+00 -8.905885262746328704e-03
-5.810694889858220691e+00 -7.067478817196622305e-03
-5.760694889858219980e+00 -5.374867498913267656e-03
-5.710694889858219270e+00 -3.944029806087456271e-03
-5.660694889858218559e+00 -2.837455615549918774e-03
-5.610694889858217849e+00 -2.072163020644627630e-03
-5.560694889858217138e+00 -1.630952796919113998e-03
-5.510694889858216428e+00 -1.472522574309273078e-03
-5.460694889858215717e+00 -1.538703206664585607e-03
-5.410694889858215006e+00 -1.759724930052009853e-03
-5.360694889858214296e+00 -2.060125001381616933e-03
-5.310694889858213585e+00 -2.367921485884650484e-03
-5.260694889858212875e+00 -2.627842961681221660e-03
-5.210694889858212164e+00 -2.816467532940065792e-03
-5.160694889858211454e+00 -2.954527073168908627e-03
-5.110694889858210743e+00 -3.110779476907826312e-03
-5.060694889858210033e+00 -3.393351455173275119e-03
-5.010694889858209322e+00 -3.927862961755171876e-03
-4.960694889858208612e+00 -4.825810062522644869e-03
-4.910694889858207901e+00 -6.150299147760765993e-03
-4.860694889858207191e+00 -7.888168611501844910e-03
-4.810694889858206480e+00 -9.936993100526684067e-03
-4.760694889858205769e+00 -1.211217576583865398e-02
-4.710694889858205059e+00 -1.417398780264226936e-02
-4.660694889858204348e+00 -1.586877921389280577e-02
-4.610694889858203638e+00 -1.697482334752678165e-02
-4.560694889858202927e+00 -1.734268480796020626e-02
-4.510694889858202217e+00 -1.692228047217976192e-02
-4.460694889858201506e+00 -1.577239468438026981e-02
-4.410694889858200796e+00 -1.405187101345019632e-02
-4.360694889858200085e+00 -1.199457964411700800e-02
-4.310694889858199375e+00 -9.872740602960509287e-03
-4.260694889858198664e+00 -7.955125939405345570e-03
-4.210694889858197953e+00 -6.467301856547357300e-03
-4.160694889858197243e+00 -5.559864374833845685e-03
-4.110694889858196532e+00 -5.288238987903434198e-03
-4.060694889858195822e+00 -5.605694223808836522e-03
-4.010694889858195111e+00 -6.370829530145285906e-03
-3.960694889858194401e+00 -7.371093605136968749e-03
-3.910694889858193690e+00 -8.362552996722014478e-03
-3.860694889858192980e+00 -9.121571840268660400e-03
-3.810694889858192269e+00 -9.497505557879587848e-03
-3.760694889858191559e+00 -9.450890281828256898e-03
-3.710694889858190848e+00 -9.062969489417718738e-03
-3.660694889858190137e+00 -8.510709769377552969e-03
-3.610694889858189427e+00 -8.013459228353603941e-03
-3.560694889858188716e+00 -7.767498560679813625e-03
-3.510694889858188006e+00 -7.888473677510891152e-03
-3.460694889858187295e+00 -8.378183987498826618e-03
-3.410694889858186585e+00 -9.123870331423755697e-03
-3.360694889858185874e+00 -9.928612468148871953e-03
-3.310694889858185164e+00 -1.056344170151239138e-02
-3.260694889858184453e+00 -1.082664903265326099e-02
-3.210694889858183743e+00 -1.059421153337497708e-02
-3.160694889858183032e+00 -9.847850303834709135e-03
-3.110694889858182322e+00 -8.673950181541680710e-03
-3.060694889858181611e+00 -7.235802144515119869e-03
-3.010694889858180900e+00 -5.730052984568869377e-03
-2.960694889858180190e+00 -4.342265414796975080e-03
-2.910694889858179479e+00 -3.214398504180092896e-03
-2.860694889858178769e+00 -2.430229306932870075e-03
-2.810694889858178058e+00 -2.017030387607396218e-03
-2.760694889858177348e+00 -1.957050568214735355e-03
-2.710694889858176637e+00 -2.202211162117716746e-03
-2.660694889858175927e+00 -2.688693921120373365e-03
-2.610694889858175216e+00 -3.351651804362397197e-03
-2.560694889858174506e+00 -4.141222871464978264e-03
-2.510694889858173795e+00 -5.038535433919551568e-03
-2.460694889858173084e+00 -6.066256339861244955e-03
-2.410694889858172374e+00 -7.285842655468798869e-03
-2.360694889858171663e+00 -8.775870736915788659e-03
-2.310694889858170953e+00 -1.059297318041517791e-02
-2.260694889858170242e+00 -1.272619972349251123e-02
-2.210694889858169532e+00 -1.506230332285534920e-02
-2.160694889858168821e+00 -1.737935651356061623e-02
-2.110694889858168111e+00 -1.937791754220419271e-02
-2.060694889858167400e+00 -2.074520949117126395e-02
-2.010694889858166690e+00 -2.123394128495381672e-02
-1.960694889858165979e+00 -2.072967628171145868e-02
-1.910694889858165268e+00 -1.928311326306408890e-02
-1.860694889858164558e+00 -1.709603436980469682e-02
-1.810694889858163847e+00 -1.446701058116963041e-02
-1.760694889858163137e+00 -1.171755797139366513e-02
-1.710694889858162426e+00 -9.124756993309265929e-03
-1.660694889858161716e+00 -6.880496450926522518e-03
-1.610694889858161005e+00 -5.084205683828799636e-03
-1.560694889858160295e+00 -3.762153818673987394e-03
-1.510694889858159584e+00 -2.898252830824249275e-03
-1.460694889858158874e+00 -2.461078172231412516e-03
-1.410694889858158163e+00 -2.417694340990809553e-03
-1.360694889858157453e+00 -2.732956081617882952e-03
-1.310694889858156742e+00 -3.359680904179864099e-03
-1.260694889858156031e+00 -4.228394769990916416e-03
-1.210694889858155321e+00 -5.244633863916116877e-03
-1.160694889858154610e+00 -6.297556755701766082e-03
-1.110694889858153900e+00 -7.277541170306028179e-03
-1.060694889858153189e+00 -8.095269900868137455e-03
-1.010694889858152479e+00 -8.693480549625648771e-03
-9.606948898581517682e-01 -9.046330914613855134e-03
-9.106948898581510576e-01 -9.148405111140371290e-03
-8.606948898581503471e-01 -9.001440036332873651e-03
-8.106948898581496366e-01 -8.607795935519970201e-03
-7.606948898581489260e-01 -7.974700066460721840e-03
-7.106948898581482155e-01 -7.125650716348248814e-03
-6.606948898581475049e-01 -6.110245924835108061e-03
-6.106948898581467944e-01 -5.004428536208441365e-03
-5.606948898581460838e-01 -3.898939487148471439e-03
-5.106948898581453733e-01 -2.880601885680651644e-03
-4.606948898581446628e-01 -2.014688246873246828e-03
-4.106948898581439522e-01 -1.335423701074679942e-03
-3.606948898581432417e-01 -8.471764690337861428e-04
-3.106948898581425311e-01 -5.341271909229062999e-04
-2.606948898581418206e-01 -3.735409337969245011e-04
-2.106948898581411100e-01 -3.476997807825720388e-04
-1.606948898581403995e-01 -4.511279333597549416e-04
-1.106948898581396890e-01 -6.916823237414813181e-04
-6.069488985813897841e-02 -1.085713712938248887e-03
-1.069488985813826787e-02 -1.648845324366858805e-03
3.930511014186244267e-02 -2.385140935862570168e-03
8.930511014186315322e-02 -3.278296339943855171e-03
1.393051101418638638e-01 -4.288288396054940922e-03
1.893051101418645743e-01 -5.355118227855544186e-03
2.393051101418652848e-01 -6.408301918711020381e-03
2.893051101418659954e-01 -7.378129110157964111e-03
3.393051101418667059e-01 -8.204217264423612974e-03
3.893051101418674165e-01 -8.839138397598119215e-03
4.393051101418681270e-01 -9.248484654829403767e-03
4.893051101418688376e-01 -9.411027618218105809e-03
5.393051101418695481e-01 -9.321736528224771820e-03
5.893051101418702586e-01 -8.996900955486403922e-03
6.393051101418709692e-01 -8.477210404655760936e-03
6.893051101418716797e-01 -7.824236490224451349e-03
7.393051101418723903e-01 -7.108996963416931540e-03
7.893051101418731008e-01 -6.396035386836463471e-03
8.393051101418738114e-01 -5.729469090745911708e-03
8.893051101418745219e-01 -5.126787701794966595e-03
9.393051101418752324e-01 -4.582442854347177144e-03
9.893051101418759430e-01 -4.078903218277399670e-03
1.039305110141876654e+00 -3.600232314949302400e-03
1.089305110141877364e+00 -3.143222102663984722e-03
1.139305110141878075e+00 -2.722911547632871077e-03
1.189305110141878785e+00 -2.371542286146723858e-03
1.239305110141879496e+00 -2.131698427226963021e-03
1.289305110141880206e+00 -2.045410131835255930e-03
1.339305110141880917e+00 -2.141717249181971077e-03
1.389305110141881627e+00 -2.425816918867491553e-03
1.439305110141882338e+00 -2.873199314484305676e-03
1.489305110141883048e+00 -3.431486483452948766e-03
1.539305110141883759e+00 -4.030599699636870301e-03
1.589305110141884469e+00 -4.598785750193863826e-03
1.639305110141885180e+00 -5.079321828646799972e-03
1.689305110141885891e+00 -5.442104060015008279e-03
1.739305110141886601e+00 -5.686578733544523159e-03
1.789305110141887312e+00 -5.836524670350765401e-03
1.839305110141888022e+00 -5.930533995653903059e-03
1.889305110141888733e+00 -6.012475337591403381e-03
1.939305110141889443e+00 -6.123707356241718351e-03
1.989305110141890154e+00 -6.295711720766851427e-03
2.039305110141890864e+00 -6.541136385190280192e-03
2.089305110141891575e+00 -6.844038033909221122e-03
2.139305110141892285e+00 -7.154293244484971268e-03
2.189305110141892996e+00 -7.392859052999028666e-03
2.239305110141893707e+00 -7.471258236346928726e-03
2.289305110141894417e+00 -7.321408113049017799e-03
2.339305110141895128e+00 -6.924979280870545081e-03
2.389305110141895838e+00 -6.329428687556411769e-03
2.439305110141896549e+00 -5.642351030980661923e-03
2.489305110141897259e+00 -5.004513012471656017e-03
2.539305110141897970e+00 -4.550331888349135046e-03
2.589305110141898680e+00 -4.368862864743668431e-03
2.639305110141899391e+00 -4.477502655641983804e-03
2.689305110141900101e+00 -4.815983075147361667e-03
2.739305110141900812e+00 -5.262030042871596903e-03
2.789305110141901523e+00 -5.664029438743682990e-03
2.839305110141902233e+00 -5.881313834304338281e-03
2.889305110141902944e+00 -5.820351932472252708e-03
2.939305110141903654e+00 -5.456254933148552144e-03
2.989305110141904365e+00 -4.833836992661814068e-03
3.039305110141905075e+00 -4.049518025266872143e-03
3.089305110141905786e+00 -3.221739433911084086e-03
3.139305110141906496e+00 -2.460465448811281763e-03
3.189305110141907207e+00 -1.844760131111790238e-03
3.239305110141907917e+00 -1.412735783281196230e-03
3.289305110141908628e+00 -1.163098289456778638e-03
3.339305110141909338e+00 -1.064388573898680194e-03
3.389305110141910049e+00 -1.067513215111784691e-03
3.439305110141910760e+00 -1.118362449279374686e-03
3.489305110141911470e+00 -1.168776950759251552e-03
3.539305110141912181e+00 -1.184941981435586999e-03
3.589305110141912891e+00 -1.152491542263804668e-03
3.639305110141913602e+00 -1.077760670636496946e-03
3.689305110141914312e+00 -9.851373597760415025e-04
3.739305110141915023e+00 -9.112179790020340361e-04
3.789305110141915733e+00 -8.970103707469632461e-04
3.839305110141916444e+00 -9.794666804962953981e-04
3.889305110141917154e+00 -1.183343820362983169e-03
3.939305110141917865e+00 -1.514269927925261314e-03
3.989305110141918576e+00 -1.954232290182660210e-03
4.039305110141919286e+00 -2.461203410554821391e-03
4.089305110141919997e+00 -2.974519395921474546e-03
4.139305110141920707e+00 -3.426281498815380699e-03
4.189305110141921418e+00 -3.756630662081269969e-03
4.239305110141922128e+00 -3.928380964720622377e-03
4.289305110141922839e+00 -3.935718399431790103e-03
4.339305110141923549e+00 -3.803377441856192840e-03
4.389305110141924260e+00 -3.576418984084196121e-03
4.439305110141924970e+00 -3.304692644633215430e-03
4.489305110141925681e+00 -3.028220375301301625e-03
4.539305110141926392e+00 -2.768966492610074135e-03
4.589305110141927102e+00 -2.531235640578150155e-03
4.639305110141927813e+00 -2.309000562898081300e-03
4.689305110141928523e+00 -2.095747946640200057e-03
4.739305110141929234e+00 -1.892036416838678309e-03
4.789305110141929944e+00 -1.707708606463093125e-03
4.839305110141930655e+00 -1.558474326008733694e-03
4.889305110141931365e+00 -1.459052269409676170e-03
4.939305110141932076e+00 -1.416286808496691795e-03
4.989305110141932786e+00 -1.425352600682760866e-03
5.039305110141933497e+00 -1.470621656382271533e-03
5.089305110141934207e+00 -1.530699202581624167e-03
5.139305110141934918e+00 -1.585408372466392537e-03
5.189305110141935629e+00 -1.621849470047595325e-03
5.239305110141936339e+00 -1.637323051293913334e-03
5.289305110141937050e+00 -1.638470974804237708e-03
5.339305110141937760e+00 -1.637573783234390346e-03
5.389305110141938471e+00 -1.647736918178518365e-03
5.439305110141939181e+00 -1.678492833919676764e-03
5.489305110141939892e+00 -1.732621921771666969e-03
5.539305110141940602e+00 -1.804471844445421774e-03
5.589305110141941313e+00 -1.880059942059296354e-03
5.639305110141942023e+00 -1.939449977129845560e-03
5.689305110141942734e+00 -1.961668140928126986e-03
5.739305110141943445e+00 -1.931472901898665610e-03
5.789305110141944155e+00 -1.846037308368450158e-03
5.839305110141944866e+00 -1.718908387772162365e-03
5.889305110141945576e+00 -1.579123863162580459e-03
5.939305110141946287e+00 -1.465010144062319029e-03
5.989305110141946997e+00 -1.414201921996954608e-03
6.039305110141947708e+00 -1.452900135121288966e-03
6.089305110141948418e+00 -1.587770636561950787e-03
6.139305110141949129e+00 -1.803144818963320567e-03
6.189305110141949839e+00 -2.064612850829307140e-03
6.239305110141950550e+00 -2.328118219260322686e-03
6.289305110141951261e+00 -2.551776073760396186e-03
6.339305110141951971e+00 -2.706487148082600911e-03
6.389305110141952682e+00 -2.781633800957221056e-03
6.439305110141953392e+00 -2.783946232131901625e-03
6.489305110141954103e+00 -2.730452443512207828e-03
6.539305110141954813e+00 -2.638990587382589962e-03
6.589305110141955524e+00 -2.520699561014233276e-03
6.639305110141956234e+00 -2.377628790771314435e-03
6.689305110141956945e+00 -2.205789033962223325e-03
6.739305110141957655e+00 -2.001186627173893832e-03
6.789305110141958366e+00 -1.765173371415631196e-03
6.839305110141959076e+00 -1.506333687994744616e-03
6.889305110141959787e+00 -1.238386762710469175e-03
6.939305110141960498e+00 -9.757704158275462688e-04
6.989305110141961208e+00 -7.295037595237685839e-04
7.039305110141961919e+00 -5.053078113240865596e-04
7.089305110141962629e+00 -3.044149581753913280e-04
7.139305110141963340e+00 -1.260226930219936810e-04
7.189305110141964050e+00 3.028891639338340976e-05
7.239305110141964761e+00 1.634755397910788626e-04
7.289305110141965471e+00 2.715702323812617522e-04
7.339305110141966182e+00 3.531474262950479257e-04
7.389305110141966892e+00 4.085896671744328342e-04
7.439305110141967603e+00 4.403488313407482148e-04
7.489305110141968314e+00 4.521549928959692406e-04
7.539305110141969024e+00 4.478181640711826391e-04
7.589305110141969735e+00 4.304692479429414616e-04
7.639305110141970445e+00 4.027306704962777635e-04
7.689305110141971156e+00 3.676886739624696753e-04
7.739305110141971866e+00 3.300748986500843304e-04
7.789305110141972577e+00 2.970015676054193424e-04
7.839305110141973287e+00 2.778782323229672451e-04
7.889305110141973998e+00 2.835151646326115513e-04
7.939305110141974708e+00 3.246573547549996873e-04
7.989305110141975419e+00 4.102373632580803907e-04
8.039305110141976130e+00 5.455868544001127567e-04
8.089305110141976840e+00 7.308280867289711083e-04
8.139305110141977551e+00 9.597039005162711538e-04
8.189305110141978261e+00 1.219129044773886641e-03
8.239305110141978972e+00 1.489689536110483685e-03
8.289305110141979682e+00 1.747190336160175462e-03
8.339305110141980393e+00 1.965216511254586074e-03
8.389305110141981103e+00 2.118549079852404156e-03
8.439305110141981814e+00 2.187103074576059875e-03
8.489305110141982524e+00 2.159776008726633969e-03
8.539305110141983235e+00 2.037294336783506288e-03
8.589305110141983945e+00 1.833070236435157489e-03
8.639305110141984656e+00 1.571470203322194309e-03
8.689305110141985367e+00 1.283737862977899283e-03
8.739305110141986077e+00 1.002748857458011416e-03
8.789305110141986788e+00 7.582838383236892256e-04
8.839305110141987498e+00 5.742407852711820145e-04
8.889305110141988209e+00 4.682469680890633565e-04
8.939305110141988919e+00 4.529466593598286414e-04
8.989305110141989630e+00 5.374352058747068834e-04
9.039305110141990340e+00 7.272958724847363495e-04
9.089305110141991051e+00 1.022503798653195354e-03
9.139305110141991761e+00 1.413738167515448015e-03
9.189305110141992472e+00 1.878806132260619783e-03
9.239305110141993183e+00 2.381361532819954198e-03
9.289305110141993893e+00 2.873599139465685213e-03
9.339305110141994604e+00 3.303252902935794287e-03
9.389305110141995314e+00 3.623551665630293100e-03
9.439305110141996025e+00 3.803469177923173017e-03
9.489305110141996735e+00 3.835166230376702620e-03
9.539305110141997446e+00 3.736119596481469237e-03
9.589305110141998156e+00 3.544872476439168626e-03
9.639305110141998867e+00 3.311216043664738564e-03
9.689305110141999577e+00 3.083411036018997558e-03
9.739305110142000288e+00 2.896220145471346905e-03
9.789305110142000999e+00 2.763528300585847350e-03
9.839305110142001709e+00 2.677940332801114539e-03
9.889305110142002420e+00 2.617284682787122084e-03
9.939305110142003130e+00 2.555356006999672056e-03
9.989305110142003841e+00 2.472696172181908410e-03
1.003930511014200455e+01 2.363537190969665618e-03
1.008930511014200526e+01 2.237055144417396391e-03
1.013930511014200597e+01 2.113699122200515465e-03
1.018930511014200668e+01 2.019129057309424283e-03
1.023930511014200739e+01 1.978364371164421064e-03
1.028930511014200810e+01 2.011388240163553779e-03
1.033930511014200881e+01 2.129871020712123184e-03
1.038930511014200953e+01 2.334129163013628529e-03
1.043930511014201024e+01 2.610308989840964822e-03
1.048930511014201095e+01 2.929278792665317068e-03
1.053930511014201166e+01 3.249409298006423769e-03
1.058930511014201237e+01 3.524358175517979062e-03
1.063930511014201308e+01 3.714452680770250533e-03
1.068930511014201379e+01 3.797781662734567385e-03
1.073930511014201450e+01 3.776380220326312938e-03
1.078930511014201521e+01 3.674641623565606460e-03
1.083930511014201592e+01 3.530479832228590291e-03
1.088930511014201663e+01 3.382897929132399218e-03
1.093930511014201734e+01 3.260800968711759576e-03
1.098930511014201805e+01 3.176715352052236416e-03
1.103930511014201876e+01 3.126536246488096499e-03
1.108930511014201947e+01 3.094069372012582704e-03
1.113930511014202018e+01 3.057975155817611521e-03
1.118930511014202089e+01 2.998757230073796718e-03
1.123930511014202160e+01 2.904031333064370848e-03
1.128930511014202231e+01 2.770953435616414079e-03
1.133930511014202303e+01 2.605360416242161539e-03
1.138930511014202374e+01 2.418089567332601473e-03
1.143930511014202445e+01 2.220003989296345705e-03
1.148930511014202516e+01 2.017913010182979545e-03
1.153930511014202587e+01 1.813250240339044648e-03
1.158930511014202658e+01 1.604018598452078932e-03
1.163930511014202729e+01 1.388832333191638126e-03
1.168930511014202800e+01 1.170877998891103802e-03
1.173930511014202871e+01 9.598537828057394873e-04
1.178930511014202942e+01 7.711788480487912064e-04
1.183930511014203013e+01 6.231417437969484193e-04
1.188930511014203084e+01 5.333678686874165735e-04
1.193930511014203155e+01 5.157879036012474015e-04
1.198930511014203226e+01 5.785614048988940413e-04
1.203930511014203297e+01 7.227697913722391744e-04
1.208930511014203368e+01 9.415304993835661761e-04
1.213930511014203439e+01 1.219458949296266899e-03
1.218930511014203510e+01 1.532790168161264231e-03
1.223930511014203582e+01 1.850652960421321621e-03
1.228930511014203653e+01 2.137859325474787513e-03
1.233930511014203724e+01 2.359208665070789898e-03
1.238930511014203795e+01 2.484834923086210769e-03
1.243930511014203866e+01 2.495641802348321728e-03
1.248930511014203937e+01 2.387499379767079721e-03
1.253930511014204008e+01 2.172827389420191845e-03
1.258930511014204079e+01 1.878683312347869706e-03
1.263930511014204150e+01 1.541505735235296345e-03
1.268930511014204221e+01 1.199867394756392149e-03
1.273930511014204292e+01 8.873679577014447492e-04
1.278930511014204363e+01 6.276885441408832289e-04
1.283930511014204434e+01 4.328603120119686428e-04
1.288930511014204505e+01 3.044790534315696849e-04
1.293930511014204576e+01 2.366025183848360154e-04
1.298930511014204647e+01 2.188277720493827551e-04
1.303930511014204718e+01 2.385366700175368623e-04
1.308930511014204789e+01 2.821233210787652554e-04
1.313930511014204860e+01 3.356858281697809717e-04
1.318930511014204932e+01 3.858542596163532456e-04
1.323930511014205003e+01 4.211201544763058043e-04
1.328930511014205074e+01 4.334820057944472325e-04
1.333930511014205145e+01 4.197872846624819249e-04
1.338930511014205216e+01 3.821010045167012284e-04
1.343930511014205287e+01 3.267907045399278971e-04
1.348930511014205358e+01 2.625726038959070555e-04
1.353930511014205429e+01 1.981971188619416379e-04
1.358930511014205500e+01 1.405419991256527581e-04
1.363930511014205571e+01 9.362095801851598648e-05
1.368930511014205642e+01 5.858645321860319509e-05
1.373930511014205713e+01 3.444118931495809659e-05
1.378930511014205784e+01 1.902022919761828276e-05
1.383930511014205855e+01 9.867564537529864614e-06
1.388930511014205926e+01 4.809066809544947568e-06
1.393930511014205997e+01 2.201751212945297962e-06
1.398930511014206068e+01 9.469613948985506871e-07
1.403930511014206139e+01 3.826069897688852037e-07
1.408930511014206211e+01 1.452212331782687762e-07
1.413930511014206282e+01 5.178022531033764517e-08
1.418930511014206353e+01 1.734420293157327205e-08
1.423930511014206424e+01 5.457595595086292489e-09
1.428930511014206495e+01 1.613262176417826593e-09
1.433930511014206566e+01 4.479867269095168839e-10
1.438930511014206637e+01 1.168643200919677081e-10
1.443930511014206708e+01 2.863883330029148034e-11
1.448930511014206779e+01 6.593033785319872997e-12
1.453930511014206850e+01 1.425843551497179279e-12
1.458930511014206921e+01 2.896776878024434262e-13
1.463930511014206992e+01 5.528595420126626672e-14
1.468930511014207063e+01 9.912225393472856583e-15
1.473930511014207134e+01 1.669491156884213822e-15
1.478930511014207205e+01 2.641518593305262639e-16
1.483930511014207276e+01 3.926266873645337479e-17
1.488930511014207347e+01 5.482296938511142448e-18
1.493930511014207418e+01 7.191208623847914041e-19
1.498930511014207489e+01 8.861307689633249215e-20
1.503930511014207561e+01 1.025770818989668813e-20
1.508930511014207632e+01 1.115474016510641381e-21
1.513930511014207703e+01 1.139528447718693311e-22
1.518930511014207774e+01 1.093572245974402200e-23
1.523930511014207845e+01 9.858852893030767322e-25
1.528930511014207916e+01 8.349543242166438744e-26
1.533930511014207987e+01 6.645610367912942124e-27
1.538930511014208058e+01 5.411478448803268745e-28
1.543930511014208129e+01 7.120680183327185976e-28
1.548930511014208200e+01 9.647645129580242838e-27
1.553930511014208271e+01 1.290534448337452566e-25
1.558930511014208342e+01 1.622097787104930215e-24
1.563930511014208413e+01 1.915320829858997095e-23
1.568930511014208484e+01 2.124528830052150759e-22
1.573930511014208555e+01 2.213809877540623110e-21
1.578930511014208626e+01 2.167078321594699958e-20
1.583930511014208697e+01 1.992808144209917619e-19
1.588930511014208768e+01 1.721523541646887796e-18
1.593930511014208840e+01 1.397066366776919423e-17
1.598930511014208911e+01 1.065068900946402685e-16
1.603930511014208804e+01 7.627723909954921046e-16
1.608930511014209230e+01 5.131789351354203428e-15
1.613930511014208946e+01 3.243390738490696153e-14
1.618930511014209372e+01 1.925689747229740578e-13
1.623930511014209088e+01 1.074063501837685704e-12
1.628930511014209515e+01 5.627690364766203492e-12
1.633930511014209230e+01 2.770046280504752808e-11
1.638930511014209657e+01 1.280856423209432587e-10
1.643930511014209372e+01 5.563786684602430624e-10
1.648930511014209799e+01 2.270372334008995076e-09
1.653930511014209515e+01 8.703226698941741236e-09
1.658930511014209941e+01 3.134152331484961807e-08
1.663930511014209657e+01 1.060270066987373527e-07
1.668930511014210083e+01 3.369531304317461744e-07
1.673930511014209799e+01 1.005956231094198457e-06
1.678930511014210225e+01 2.821274019536048484e-06
1.683930511014209941e+01 7.433067025536517612e-06
1.688930511014210367e+01 1.839701757642325434e-05
1.693930511014210083e+01 4.277434743492971063e-05
1.698930511014210509e+01 9.342776451831268265e-05
1.703930511014210225e+01 1.917013266791905751e-04
1.708930511014210651e+01 3.695139834857346620e-04
1.713930511014210367e+01 6.691034088669690297e-04
1.718930511014210794e+01 1.138183352406779182e-03
1.723930511014210509e+01 1.818812310782829973e-03
1.728930511014210936e+01 2.730362679166830047e-03
1.733930511014210651e+01 3.850436292290444502e-03
1.738930511014211078e+01 5.101027379126299097e-03
1.743930511014210794e+01 6.348426613041297309e-03
1.748930511014211220e+01 7.422368082745708223e-03
1.753930511014210936e+01 8.152795691331185882e-03
1.758930511014211362e+01 8.414195600815568485e-03
1.763930511014211078e+01 8.162252772943927662e-03
1.768930511014211504e+01 7.449213351465394650e-03
1.773930511014211220e+01 6.412756656485610156e-03
1.778930511014211646e+01 5.244308978930197797e-03
1.783930511014211362e+01 4.150665808276689933e-03
1.788930511014211788e+01 3.323404648066995322e-03
1.793930511014211504e+01 2.923944230017786871e-03
1.798930511014211930e+01 3.082238813103023879e-03
1.803930511014211646e+01 3.899390744519851994e-03
1.808930511014212072e+01 5.442793903991019651e-03
1.813930511014211788e+01 7.727455731223779704e-03
1.818930511014212215e+01 1.068642267230560973e-02
1.823930511014211930e+01 1.414244425042729576e-02
1.828930511014212357e+01 1.779774943757743422e-02
1.833930511014212072e+01 2.125624910135741341e-02
1.838930511014212499e+01 2.408259439876319491e-02
1.843930511014212215e+01 2.588844892783859555e-02
1.848930511014212641e+01 2.642352385484845329e-02
1.853930511014212357e+01 2.564312699645446628e-02
1.858930511014212783e+01 2.372866228651916709e-02
1.863930511014212499e+01 2.105189908540006788e-02
1.868930511014212925e+01 1.809264592134438021e-02
1.873930511014212641e+01 1.533502870253546611e-02
1.878930511014213067e+01 1.317338768490886221e-02
1.883930511014212783e+01 1.185278886385589606e-02
1.888930511014213209e+01 1.145458178842423055e-02
1.893930511014212925e+01 1.192106439830372712e-02
1.898930511014213351e+01 1.310179685630583762e-02
1.903930511014213067e+01 1.480105416965265056e-02
1.908930511014213494e+01 1.681095936590634027e-02
1.913930511014213209e+01 1.892471346080152467e-02
1.918930511014213636e+01 2.093471290639949481e-02
1.923930511014213351e+01 2.262740208193669833e-02
1.928930511014213778e+01 2.378798423728797906e-02
1.933930511014213494e+01 2.422299020894044114e-02
1.938930511014213920e+01 2.379885273024825304e-02
1.943930511014213636e+01 2.248408896412916816e-02
1.948930511014214062e+01 2.037674572177496091e-02
1.953930511014213778e+01 1.770143878292508230e-02
1.958930511014214204e+01 1.477163115581731079e-02
1.963930511014213920e+01 1.192786169897055992e-02
1.968930511014214346e+01 9.473901723295737390e-03
1.973930511014214062e+01 7.634282058378287494e-03
1.978930511014214488e+01 6.547249439292034817e-03
1.983930511014214204e+01 6.291249011914601744e-03
1.988930511014214630e+01 6.927564968479363317e-03
1.993930511014214346e+01 8.533328097167613979e-03
1.998930511014214773e+01 1.120144797766027024e-02
2.003930511014214488e+01 1.499717291148014615e-02
2.008930511014214915e+01 1.988107497884373728e-02
2.013930511014214630e+01 2.562797008664035106e-02
2.018930511014215057e+01 3.178154995566780106e-02
2.023930511014214773e+01 3.767824629163384065e-02
2.028930511014215199e+01 4.255048237294222629e-02
2.033930511014214915e+01 4.568721377403641565e-02
2.038930511014215341e+01 4.660296397794428530e-02
2.043930511014215057e+01 4.515891310029816752e-02
2.048930511014215483e+01 4.159571363243736580e-02
2.053930511014215199e+01 3.647028328106078493e-02
2.058930511014215625e+01 3.052242337625776444e-02
2.063930511014215341e+01 2.451685087534498028e-02
2.068930511014215767e+01 1.910568095811329692e-02
2.073930511014215483e+01 1.473984718736110963e-02
2.078930511014215909e+01 1.163632780848969719e-02
2.083930511014215625e+01 9.791849666137870598e-03
2.088930511014216052e+01 9.027603276545753674e-03
2.093930511014215767e+01 9.051289710059300109e-03
2.098930511014216194e+01 9.526834874621786103e-03
2.103930511014215909e+01 1.014370769032342003e-02
2.108930511014216336e+01 1.067630979335605808e-02
2.113930511014216052e+01 1.102233297729379377e-02
2.118930511014216478e+01 1.121096114994440604e-02
2.123930511014216194e+01 1.137856590311663203e-02
2.128930511014216620e+01 1.171894321724716373e-02
2.133930511014216336e+01 1.242314770238511952e-02
2.138930511014216762e+01 1.362725394593600897e-02
2.143930511014216478e+01 1.538370949998240506e-02
2.148930511014216904e+01 1.766410582651440492e-02
2.153930511014216620e+01 2.039012794130527773e-02
2.158930511014217046e+01 2.347805992586565402e-02
2.163930511014216762e+01 2.687457858725906049e-02
2.168930511014217188e+01 3.056216191265002935e-02
2.173930511014216904e+01 3.452389148944370184e-02
2.178930511014217331e+01 3.867759101579056058e-02
2.183930511014217046e+01 4.281009412347448057e-02
2.188930511014217473e+01 4.655255356808800371e-02
2.193930511014217188e+01 4.942804117939619130e-02
2.198930511014217615e+01 5.097292510087240991e-02
2.203930511014217331e+01 5.089499074032762665e-02
2.208930511014217757e+01 4.920339782202685919e-02
2.213930511014217473e+01 4.624602042438899496e-02
2.218930511014217899e+01 4.262336943684380541e-02
2.223930511014217615e+01 3.900198551856938478e-02
2.228930511014218041e+01 3.589797558753119594e-02
2.233930511014217757e+01 3.351825665291351120e-02
2.238930511014218183e+01 3.172323474016705558e-02
2.243930511014217899e+01 3.012134814215293444e-02
2.248930511014218325e+01 2.824952076747154830e-02
2.253930511014218041e+01 2.576128827997091822e-02
2.258930511014218467e+01 2.254984038216279602e-02
2.263930511014218183e+01 1.877021244191117225e-02
2.268930511014218609e+01 1.477192842320288087e-02
2.273930511014218325e+01 1.098662597458767431e-02
2.278930511014218752e+01 7.821154053325785060e-03
2.283930511014218467e+01 5.588179948971133855e-03
2.288930511014218894e+01 4.478565949770522102e-03
2.293930511014218609e+01 4.559638864372601678e-03
2.298930511014219036e+01 5.780057076746519633e-03
2.303930511014218752e+01 7.972833946050021658e-03
2.308930511014218467e+01 1.086271608840793691e-02
2.313930511014218894e+01 1.409145553679603050e-02
2.318930511014219320e+01 1.726957149801281247e-02
2.323930511014219036e+01 2.004947518967150483e-02
2.328930511014218752e+01 2.220144858310405325e-02
2.333930511014219178e+01 2.366941712040246393e-02
2.338930511014219604e+01 2.458992736224721934e-02
2.343930511014219320e+01 2.526993018195993618e-02
2.348930511014219036e+01 2.612856292298725014e-02
2.353930511014219462e+01 2.761082523302723496e-02
2.358930511014219888e+01 3.008038467275164773e-02
2.363930511014219604e+01 3.370274670549632673e-02
2.368930511014219320e+01 3.834263050384136007e-02
2.373930511014219746e+01 4.351396186301890318e-02
2.378930511014220173e+01 4.842255665211009363e-02
2.383930511014219888e+01 5.211857069511321994e-02
2.388930511014219604e+01 5.373166079860707683e-02
2.393930511014220031e+01 5.271771126642405686e-02
2.398930511014220457e+01 4.902920043817297902e-02
2.403930511014220173e+01 4.314659545252259865e-02
2.408930511014219888e+01 3.596578966430782898e-02
2.413930511014220315e+01 2.859631583052131554e-02
2.418930511014220741e+01 2.215442716777102708e-02
2.423930511014220457e+01 1.761929380273540360e-02
2.428930511014220173e+01 1.577067706005319189e-02
2.433930511014220599e+01 1.717237362913541857e-02
2.438930511014221025e+01 2.213900593841925876e-02
2.443930511014220741e+01 3.064105289645314631e-02
2.448930511014220457e+01 4.215751232701707429e-02
2.453930511014220883e+01 5.554876348448719442e-02
2.458930511014221310e+01 6.905599106057447312e-02
2.463930511014221025e+01 8.050956276004211931e-02
2.468930511014220741e+01 8.774706246486665973e-02
2.473930511014221167e+01 8.913712934730376458e-02
2.478930511014221594e+01 8.403294869829291969e-02
2.483930511014221310e+01 7.298343401983502232e-02
2.488930511014221025e+01 5.761553660364653745e-02
2.493930511014221452e+01 4.022761633856311581e-02
2.498930511014221878e+01 2.324009763378823146e-02
2.503930511014221594e+01 8.689369671866698300e-03
2.508930511014221310e+01 -2.083925874654557475e-03
2.513930511014221736e+01 -8.483370009411416585e-03
2.518930511014222162e+01 -1.046357484234446827e-02
2.523930511014221878e+01 -8.186659445769932028e-03
2.528930511014221594e+01 -1.658673266939766347e-03
2.533930511014222020e+01 9.514525190808089186e-03
2.538930511014222446e+01 2.613288460149398168e-02
2.543930511014222162e+01 4.910665068349900908e-02
2.548930511014221878e+01 7.889436719748714466e-02
2.553930511014222304e+01 1.148336456074685874e-01
2.558930511014222731e+01 1.546315355944574144e-01
2.563930511014222446e+01 1.943051219298268240e-01
2.568930511014222162e+01 2.287505118985440900e-01
2.573930511014222589e+01 2.528793380829338910e-01
2.578930511014223015e+01 2.629901137197705463e-01
2.583930511014222731e+01 2.578802565939596336e-01
2.588930511014222446e+01 2.392616487523952506e-01
2.593930511014222873e+01 2.113126086612893140e-01
2.598930511014223299e+01 1.795509741670253678e-01
2.603930511014223015e+01 1.494644723678255349e-01
2.608930511014222731e+01 1.253652351855206737e-01
2.613930511014223157e+01 1.097574866829230111e-01
2.618930511014223583e+01 1.032469163994477745e-01
2.623930511014223299e+01 1.048265633943812475e-01
2.628930511014223015e+01 1.123273859067422942e-01
2.633930511014223441e+01 1.228983240620269840e-01
2.638930511014223868e+01 1.334894603200988128e-01
2.643930511014223583e+01 1.413663189332108883e-01
2.648930511014223299e+01 1.446560553159537132e-01
2.653930511014223725e+01 1.428537629279957033e-01
2.658930511014224152e+01 1.371603614065603494e-01
2.663930511014223868e+01 1.305200622431560153e-01
2.668930511014223583e+01 1.272701927802647459e-01
2.673930511014224010e+01 1.323821690774056037e-01
2.678930511014224436e+01 1.503467571802321601e-01
2.683930511014224152e+01 1.838532655936792326e-01
2.688930511014223868e+01 2.325422654929429900e-01
2.693930511014224294e+01 2.922371361911496601e-01
2.698930511014224720e+01 3.550828684166363325e-01
2.703930511014224436e+01 4.108387126411861545e-01
2.708930511014224152e+01 4.491758614092813406e-01
2.713930511014224578e+01 4.623670391961114401e-01
2.718930511014225004e+01 4.474691003189762983e-01
2.723930511014224720e+01 4.071920896776856647e-01
2.728930511014224436e+01 3.491214582292400115e-01
2.733930511014224862e+01 2.835934110929463903e-01
2.738930511014225289e+01 2.210018876454036829e-01
2.743930511014225004e+01 1.694261388379068589e-01
2.748930511014224720e+01 1.332159220518590592e-01
2.753930511014225146e+01 1.127433818205895721e-01
2.758930511014225573e+01 1.051482269854815271e-01
2.763930511014225289e+01 1.056907980613856074e-01
2.768930511014225004e+01 1.092839276399102666e-01
2.773930511014225431e+01 1.118311398294211806e-01
2.778930511014225857e+01 1.110985253786310883e-01
2.783930511014225573e+01 1.069722326942541407e-01
2.788930511014225289e+01 1.011002110105925778e-01
2.793930511014225715e+01 9.606672137621798113e-02
2.798930511014226141e+01 9.436225751783053339e-02
2.803930511014225857e+01 9.745353576077421531e-02
2.808930511014225573e+01 1.052161873134302844e-01
2.813930511014225999e+01 1.158813417829452908e-01
2.818930511014226425e+01 1.264961325320704544e-01
2.823930511014226141e+01 1.337439590646495868e-01
2.828930511014225857e+01 1.348562459643634359e-01
2.833930511014226283e+01 1.283175208482889573e-01
2.838930511014226710e+01 1.141442664674536533e-01
2.843930511014226425e+01 9.368481795942407153e-02
2.848930511014226141e+01 6.907352258860445515e-02
2.853930511014226568e+01 4.259074997712529453e-02
2.858930511014226994e+01 1.617678878909867279e-02
2.863930511014226710e+01 -8.766369323192885199e-03
2.868930511014226425e+01 -3.130692453500793365e-02
2.873930511014226852e+01 -5.078468324576231735e-02
2.878930511014227278e+01 -6.664184798483425987e-02
2.883930511014226994e+01 -7.838299735479925534e-02
2.888930511014226710e+01 -8.566775138315103899e-02
2.893930511014227136e+01 -8.846272131357378610e-02
2.898930511014227562e+01 -8.715518659052950978e-02
2.903930511014227278e+01 -8.255914643195949587e-02
2.908930511014226994e+01 -7.579962707635114205e-02
2.913930511014227420e+01 -6.811204238898536933e-02
2.918930511014227847e+01 -6.061937140029485110e-02
2.923930511014227562e+01 -5.414762288239014648e-02
2.928930511014227278e+01 -4.911940252040550292e-02
2.933930511014227704e+01 -4.553986687059384530e-02
2.938930511014228131e+01 -4.306789372098271396e-02
2.943930511014227847e+01 -4.115013630489538360e-02
2.948930511014227562e+01 -3.918546814529561689e-02
2.953930511014227989e+01 -3.668187596172873405e-02
2.958930511014228415e+01 -3.336941639626513079e-02
2.963930511014228131e+01 -2.924396358717266248e-02
2.968930511014227847e+01 -2.453620246065749480e-02
2.973930511014228273e+01 -1.962270850442356454e-02
2.978930511014228699e+01 -1.491231981262908061e-02
2.983930511014228415e+01 -1.074466532109531747e-02
2.988930511014228131e+01 -7.327841328027194685e-03
2.993930511014228557e+01 -4.724272354342393815e-03
2.998930511014228983e+01 -2.876236365885496277e-03
3.003930511014228699e+01 -1.652275867423861179e-03
3.008930511014228415e+01 -8.949694527807730690e-04
3.013930511014228841e+01 -4.568232560288124360e-04
3.018930511014229268e+01 -2.196242051768899331e-04
3.023930511014228983e+01 -9.939160290654807512e-05
3.028930511014228699e+01 -4.226843427106788669e-05
3.033930511014229126e+01 -1.670511303109717744e-05
3.038930511014229552e+01 -5.588680068617635747e-06
3.043930511014229268e+01 9.289330076109629951e-09
3.048930511014228983e+01 5.248074939637785771e-06
3.053930511014229410e+01 1.462507589512478264e-05
3.058930511014229836e+01 3.448602158067569064e-05
3.063930511014229552e+01 7.545772518876608579e-05
3.068930511014229268e+01 1.548638860760463145e-04
3.073930511014229694e+01 2.985164348259352674e-04
3.078930511014230120e+01 5.405453821462980271e-04
3.083930511014229836e+01 9.194990960760564529e-04
3.088930511014229552e+01 1.469355486902585621e-03
3.093930511014229978e+01 2.205763992856134888e-03
3.098930511014230404e+01 3.110626426362105360e-03
3.103930511014230120e+01 4.120913024728120079e-03
3.108930511014229836e+01 5.128569048330246412e-03
3.113930511014230262e+01 5.995941128260328865e-03
3.118930511014230689e+01 6.585379056486574678e-03
3.123930511014230404e+01 6.794831618500156781e-03
3.128930511014230120e+01 6.587034121996477448e-03
3.133930511014230547e+01 6.001194079113192185e-03
3.138930511014230973e+01 5.142972496043795444e-03
3.143930511014230689e+01 4.157821055500917143e-03
3.148930511014230404e+01 3.199680576690138670e-03
3.153930511014230831e+01 2.408280284635197412e-03
3.158930511014231257e+01 1.903504100121491916e-03
3.163930511014230973e+01 1.797013700346286472e-03
3.168930511014230689e+01 2.213032250276512816e-03
3.173930511014231115e+01 3.304671590048575882e-03
3.178930511014231541e+01 5.251022220945714136e-03
3.183930511014231257e+01 8.224335524442271880e-03
3.188930511014230973e+01 1.232643427974837100e-02
3.193930511014231399e+01 1.750788973957221467e-02
3.198930511014231826e+01 2.349827387426731140e-02
3.203930511014231541e+01 2.978341518734129584e-02
3.208930511014231257e+01 3.565824726943173095e-02
3.213930511014231683e+01 4.035901616720053570e-02
3.218930511014232110e+01 4.324366296147914152e-02
3.223930511014231826e+01 4.396049540775865544e-02
3.228930511014231541e+01 4.254023851718471971e-02
3.233930511014231968e+01 3.937246378188084817e-02
3.238930511014232394e+01 3.507449888436141305e-02
3.243930511014232110e+01 3.030609267846025995e-02
3.248930511014231826e+01 2.560291353468264683e-02
3.253930511014232252e+01 2.128685965313982867e-02
3.258930511014232678e+01 1.747115007739930351e-02
3.263930511014232394e+01 1.413593313900643640e-02
3.268930511014232110e+01 1.122679970508061627e-02
3.273930511014232536e+01 8.731774174215620535e-03
3.278930511014232962e+01 6.714146287971349721e-03
3.283930511014232678e+01 5.302980441548166626e-03
3.288930511014232394e+01 4.657386264359733227e-03
3.293930511014232820e+01 4.921760060684254347e-03
3.298930511014233247e+01 6.183719479356356540e-03
3.303930511014232962e+01 8.443601044140075507e-03
3.308930511014232678e+01 1.160827087526262319e-02
3.313930511014233105e+01 1.552752268311654790e-02
3.318930511014233531e+01 2.008696124437551675e-02
3.323930511014233247e+01 2.534783664251903657e-02
3.328930511014232962e+01 3.168519349321759215e-02
3.333930511014233389e+01 3.984094781417086423e-02
3.338930511014233815e+01 5.080699802441936835e-02
3.343930511014233531e+01 6.550466875997759675e-02
3.348930511014233247e+01 8.432205956727922835e-02
3.353930511014233673e+01 1.066688647434473058e-01
3.358930511014234099e+01 1.307521296944491873e-01
3.363930511014233815e+01 1.537267814217186945e-01
3.368930511014233531e+01 1.722385173423476301e-01
3.373930511014233957e+01 1.832113881158796698e-01
3.378930511014234384e+01 1.846193363717710811e-01
3.383930511014234099e+01 1.759796669521966894e-01
3.388930511014233815e+01 1.584193885671911772e-01
3.393930511014234241e+01 1.343352421576888833e-01
3.398930511014234668e+01 1.068109680778516202e-01
3.403930511014234384e+01 7.900813854722836538e-02
3.408930511014234099e+01 5.370031265060432740e-02
3.413930511014234526e+01 3.301616778508465605e-02
3.418930511014234952e+01 1.835744062333859519e-02
3.423930511014234668e+01 1.040734053581784425e-02
3.428930511014234384e+01 9.154534758896841831e-03
3.433930511014234810e+01 1.390617540325268277e-02
3.438930511014235236e+01 2.331749261107773571e-02
3.443930511014234952e+01 3.549610194915290423e-02
3.448930511014234668e+01 4.823024485193391775e-02
3.453930511014235094e+01 5.934214642354124908e-02
3.458930511014235520e+01 6.709916372950489039e-02
3.463930511014235236e+01 7.056014434531365787e-02
3.468930511014234952e+01 6.972808820279068065e-02
3.473930511014235378e+01 6.543894451543334767e-02
3.478930511014235805e+01 5.902037993660924631e-02
3.483930511014235520e+01 5.185244979806552523e-02
3.488930511014235236e+01 4.500002082279058735e-02
3.493930511014235663e+01 3.904207369650815329e-02
3.498930511014236089e+01 3.412108170626131781e-02
3.503930511014235805e+01 3.013409709920973623e-02
3.508930511014235520e+01 2.693915867103976666e-02
3.513930511014235947e+01 2.447364504091706361e-02
3.518930511014236373e+01 2.275133836127097089e-02
3.523930511014236089e+01 2.177704623744800699e-02
3.528930511014235805e+01 2.145407075379082359e-02
3.533930511014236231e+01 2.154925533765028600e-02
3.538930511014236657e+01 2.173787291956841630e-02
3.543930511014236373e+01 2.170424870388967462e-02
3.548930511014236089e+01 2.124791244565391729e-02
3.553930511014236515e+01 2.034843313797918621e-02
3.558930511014236941e+01 1.916734931301362910e-02
3.563930511014236657e+01 1.799530709689383182e-02
3.568930511014236373e+01 1.717041771507121783e-02
3.573930511014236799e+01 1.699414417909804118e-02
3.578930511014237226e+01 1.766022042427398825e-02
3.583930511014236941e+01 1.920243582455650674e-02
3.588930511014236657e+01 2.146635334341577550e-02
3.593930511014237084e+01 2.411534298130466741e-02
3.598930511014237510e+01 2.668218842280736455e-02
3.603930511014237226e+01 2.866563039155541059e-02
3.608930511014236941e+01 2.964926655739953676e-02
3.613930511014237368e+01 2.940213975188553722e-02
3.618930511014237794e+01 2.792145992674955127e-02
3.623930511014237510e+01 2.540238303578810572e-02
3.628930511014237226e+01 2.215516453478690376e-02
3.633930511014237652e+01 1.851429521435640074e-02
3.638930511014238078e+01 1.478112700146745617e-02
3.643930511014237794e+01 1.121294736791281915e-02
3.648930511014237510e+01 8.037439622164549435e-03
3.653930511014237936e+01 5.456234029436969266e-03
3.658930511014238363e+01 3.615568594844099318e-03
3.663930511014238078e+01 2.554741389178478636e-03
3.668930511014237794e+01 2.168826193438439312e-03
3.673930511014238220e+01 2.220670779015354937e-03
3.678930511014238647e+01 2.408399640122970992e-03
3.683930511014238363e+01 2.458513666779026802e-03
3.688930511014238078e+01 2.195946324878678049e-03
3.693930511014238505e+01 1.552491460518047551e-03
3.698930511014238931e+01 5.053886173264083691e-04
3.703930511014238647e+01 -1.030921432507899685e-03
3.708930511014238363e+01 -3.319784604257151796e-03
3.713930511014238789e+01 -6.882681570937943492e-03
3.718930511014239215e+01 -1.250994349272024214e-02
3.723930511014238931e+01 -2.117444051170499705e-02
3.728930511014238647e+01 -3.383289099312314363e-02
3.733930511014239073e+01 -5.112605657772574530e-02
3.738930511014239499e+01 -7.303482755891915756e-02
3.743930511014239215e+01 -9.860070735941856013e-02
3.748930511014238931e+01 -1.258449854819224389e-01
3.753930511014239357e+01 -1.519883416839082624e-01
3.758930511014239784e+01 -1.739742220884794299e-01
3.763930511014239499e+01 -1.891689766516497229e-01
3.768930511014239215e+01 -1.960142184446648228e-01
3.773930511014239642e+01 -1.944009751831803356e-01
3.778930511014240068e+01 -1.856337644740395365e-01
3.783930511014239784e+01 -1.720096838329119859e-01
3.788930511014239499e+01 -1.561750378897560354e-01
3.793930511014239926e+01 -1.404786897325066841e-01
3.798930511014240352e+01 -1.265068626505140847e-01
3.803930511014240068e+01 -1.148952282917122952e-01
3.808930511014239784e+01 -1.054208554033979756e-01
3.813930511014240210e+01 -9.730949408305390735e-02
3.818930511014240636e+01 -8.965614137556693342e-02
3.823930511014240352e+01 -8.184092555580918527e-02
3.828930511014240068e+01 -7.382613877728547158e-02
3.833930511014240494e+01 -6.624927550635539841e-02
3.838930511014240921e+01 -6.028221461470295583e-02
3.843930511014240636e+01 -5.729543940036341959e-02
3.848930511014240352e+01 -5.842583107711759455e-02
3.853930511014240778e+01 -6.417704824926570573e-02
3.858930511014241205e+01 -7.417390064888672307e-02
3.863930511014240921e+01 -8.714855889147708756e-02
3.868930511014240636e+01 -1.011670668026825731e-01
3.873930511014241063e+01 -1.140279380000597531e-01
3.878930511014241489e+01 -1.237078000762372731e-01
3.883930511014241205e+01 -1.287193970793471254e-01
3.888930511014240921e+01 -1.282941532463625633e-01
3.893930511014241347e+01 -1.223829281163563709e-01
3.898930511014241773e+01 -1.115390988866813010e-01
3.903930511014241489e+01 -9.676823151937351264e-02
3.908930511014241205e+01 -7.939408122357211051e-02
3.913930511014241631e+01 -6.093580276493732600e-02
3.918930511014242057e+01 -4.296178498373232069e-02
3.923930511014241773e+01 -2.690302508441386187e-02
3.928930511014241489e+01 -1.385607050860736267e-02
3.933930511014241915e+01 -4.442443146515778589e-03
3.938930511014242342e+01 1.212484092202449669e-03
3.943930511014242057e+01 3.363397664350933815e-03
3.948930511014241773e+01 2.434059634188204257e-03
3.953930511014242200e+01 -1.204142361655261353e-03
3.958930511014242626e+01 -7.375183537225153685e-03
3.963930511014242342e+01 -1.610674021306537571e-02
3.968930511014242057e+01 -2.750248676580801729e-02
3.973930511014242484e+01 -4.153257372261580371e-02
3.978930511014242910e+01 -5.783200296114146544e-02
3.983930511014242626e+01 -7.559634259770010856e-02
3.988930511014242342e+01 -9.362467908498124658e-02
3.993930511014242768e+01 -1.104960973716717226e-01
3.998930511014243194e+01 -1.248101220936692068e-01
4.003930511014242910e+01 -1.354054350888288794e-01
4.008930511014242626e+01 -1.415037703809962633e-01
4.013930511014243052e+01 -1.427821604328717298e-01
4.018930511014243478e+01 -1.394131110647724991e-01
4.023930511014243194e+01 -1.321008697353635575e-01
4.028930511014242910e+01 -1.220956521328036976e-01
4.033930511014243336e+01 -1.111324686043841659e-01
4.038930511014243763e+01 -1.012580687567366106e-01
4.043930511014243478e+01 -9.457681301519059447e-02
4.048930511014243194e+01 -9.301435895263837628e-02
4.053930511014243621e+01 -9.820360272516363842e-02
4.058930511014244047e+01 -1.115133800731259034e-01
4.063930511014243763e+01 -1.341065614596792799e-01
4.068930511014243478e+01 -1.668232915200822675e-01
4.073930511014243905e+01 -2.097291247556640759e-01
4.078930511014244331e+01 -2.613693010560084184e-01
4.083930511014244047e+01 -3.180429566386982487e-01
4.088930511014243763e+01 -3.735852762639044200e-01
4.093930511014244189e+01 -4.200647290914780729e-01
4.098930511014244615e+01 -4.494393086773799117e-01
4.103930511014244331e+01 -4.557268455372465166e-01
4.108930511014244047e+01 -4.369030274070772046e-01
4.113930511014244473e+01 -3.957693583698493334e-01
4.118930511014244900e+01 -3.394471153960128551e-01
4.123930511014244615e+01 -2.777326991152280211e-01
4.128930511014244331e+01 -2.209740416966508858e-01
4.133930511014244757e+01 -1.781812892974669049e-01
4.138930511014245184e+01 -1.557892934514994443e-01
4.143930511014244900e+01 -1.570729483373992375e-01
4.148930511014244615e+01 -1.819523464737635154e-01
4.153930511014245042e+01 -2.269535000926487522e-01
4.158930511014245468e+01 -2.853400365457463006e-01
4.163930511014245184e+01 -3.476769667710164491e-01
4.168930511014244900e+01 -4.031057159390588063e-01
4.173930511014245326e+01 -4.413309431209256894e-01
4.178930511014245752e+01 -4.548871386293374397e-01
4.183930511014245468e+01 -4.409408960184821868e-01
4.188930511014245184e+01 -4.019226900212772846e-01
4.193930511014245610e+01 -3.446961287332157009e-01
4.198930511014246036e+01 -2.785573198707977371e-01
4.203930511014245752e+01 -2.128024320900449295e-01
4.208930511014245468e+01 -1.546891674072894129e-01
4.213930511014245894e+01 -1.083449742671979271e-01
4.218930511014246321e+01 -7.472906302146660462e-02
4.223930511014246036e+01 -5.237508099878743911e-02
4.228930511014245752e+01 -3.847351158027244311e-02
4.233930511014246179e+01 -2.989931639877576458e-02
4.238930511014246605e+01 -2.395339556463729758e-02
4.243930511014246321e+01 -1.875504703122476621e-02
4.248930511014246036e+01 -1.333288698668890632e-02
4.253930511014246463e+01 -7.506160313870162935e-03
4.258930511014246889e+01 -1.650679986841383298e-03
4.263930511014246605e+01 3.570185145906456647e-03
4.268930511014246321e+01 7.444717133162116751e-03
4.273930511014246747e+01 9.372273385956350622e-03
4.278930511014247173e+01 8.910053185190388442e-03
4.283930511014246889e+01 5.698218379139935279e-03
4.288930511014246605e+01 -7.120651741999747646e-04
4.293930511014247031e+01 -1.106143586092868739e-02
4.298930511014247458e+01 -2.650965190308358574e-02
4.303930511014247173e+01 -4.856261180483722323e-02
4.308930511014246889e+01 -7.870414920223418875e-02
4.313930511014247315e+01 -1.177346275023192362e-01
4.318930511014247742e+01 -1.649706672347493464e-01
4.323930511014247458e+01 -2.176098796247251110e-01
4.328930511014247173e+01 -2.706189348698899710e-01
4.333930511014247600e+01 -3.173857091567482969e-01
4.338930511014248026e+01 -3.510899593051907130e-01
4.343930511014247742e+01 -3.664063940782147366e-01
4.348930511014247458e+01 -3.609405105448093010e-01
4.353930511014247884e+01 -3.358515533125008834e-01
4.358930511014248310e+01 -2.954365527781029899e-01
4.363930511014248026e+01 -2.458760237500203227e-01
4.368930511014247742e+01 -1.936539103323857980e-01
4.373930511014248168e+01 -1.442152927546462293e-01
4.378930511014248594e+01 -1.012271384768150956e-01
4.383930511014248310e+01 -6.650351166389488478e-02
4.388930511014248026e+01 -4.041636868389313769e-02
4.393930511014248452e+01 -2.252922188281575658e-02
4.398930511014248879e+01 -1.224669492005150094e-02
4.403930511014248594e+01 -9.380722052242860404e-03
4.408930511014248310e+01 -1.460323771722805974e-02
4.413930511014248737e+01 -2.974255303750586790e-02
4.418930511014249163e+01 -5.780616315246447923e-02
4.423930511014248879e+01 -1.025466227366644001e-01
4.428930511014248594e+01 -1.674183935210474261e-01
4.433930511014249021e+01 -2.539632706784172300e-01
4.438930511014249447e+01 -3.599887287474303754e-01
4.443930511014249163e+01 -4.782307994952083585e-01
4.448930511014248879e+01 -5.963029334298950435e-01
4.453930511014249305e+01 -6.984436742638202578e-01
4.458930511014249731e+01 -7.688970963240084888e-01
4.463930511014249447e+01 -7.959610543684064732e-01
4.468930511014249163e+01 -7.752496166698231717e-01
4.473930511014249589e+01 -7.108741295088242262e-01
4.478930511014250015e+01 -6.140510553735190058e-01
4.483930511014249731e+01 -4.997118434597865311e-01
4.488930511014249447e+01 -3.824729415255425646e-01
4.493930511014249873e+01 -2.734432584852979353e-01
4.498930511014250300e+01 -1.788070020168438523e-01
4.503930511014250015e+01 -1.002681975579400170e-01
4.508930511014249731e+01 -3.672246914900046538e-02
4.513930511014250158e+01 1.378297655510875644e-02
4.518930511014250584e+01 5.260567568966099256e-02
4.523930511014250300e+01 7.998320195931826748e-02
4.528930511014250015e+01 9.538531386879475771e-02
4.533930511014250442e+01 9.838020190844830315e-02
4.538930511014250868e+01 8.952947591539746341e-02
4.543930511014250584e+01 7.089683337405716657e-02
4.548930511014250300e+01 4.596031961930190785e-02
4.553930511014250726e+01 1.896910962440655907e-02
4.558930511014251152e+01 -6.010931302839033971e-03
4.563930511014250868e+01 -2.603111838350273197e-02
4.568930511014250584e+01 -3.988701564693462182e-02
4.573930511014251010e+01 -4.829342277342306422e-02
4.578930511014251437e+01 -5.362696818297177370e-02
4.583930511014251152e+01 -5.937541339372835042e-02
4.588930511014250868e+01 -6.946976815397447325e-02
4.593930511014251294e+01 -8.763704023231368156e-02
4.598930511014251721e+01 -1.168378439458529344e-01
4.603930511014251437e+01 -1.587922835239635455e-01
4.608930511014251152e+01 -2.135824329555764400e-01
4.613930511014251579e+01 -2.793559520483028802e-01
4.618930511014252005e+01 -3.522202950222883544e-01
4.623930511014251721e+01 -4.264656002634671372e-01
4.628930511014251437e+01 -4.952331188045598909e-01
4.633930511014251863e+01 -5.516209039146958704e-01
4.638930511014252289e+01 -5.900126657748624437e-01
4.643930511014252005e+01 -6.072278151705275961e-01
4.648930511014251721e+01 -6.030569485672231389e-01
4.653930511014252147e+01 -5.799476383832674609e-01
4.658930511014252573e+01 -5.419777050262152285e-01
4.663930511014252289e+01 -4.935959078099065311e-01
4.668930511014252005e+01 -4.387049263783356912e-01
4.673930511014252431e+01 -3.804332775095988217e-01
4.678930511014252858e+01 -3.215274766801829442e-01
4.683930511014252573e+01 -2.649518420064436719e-01
4.688930511014252289e+01 -2.142107351710945962e-01
4.693930511014252716e+01 -1.731179708528585715e-01
4.698930511014253142e+01 -1.450700905435770016e-01
4.703930511014252858e+01 -1.321350570062972962e-01
4.708930511014252573e+01 -1.343388033617410882e-01
4.713930511014253000e+01 -1.494377481680657649e-01
4.718930511014253426e+01 -1.732892921999423241e-01
4.723930511014253142e+01 -2.007454757223842423e-01
4.728930511014252858e+01 -2.268320167314118452e-01
4.733930511014253284e+01 -2.478627168528784730e-01
4.738930511014253710e+01 -2.621232622646389454e-01
4.743930511014253426e+01 -2.698826620689714351e-01
4.748930511014253142e+01 -2.727428302948714522e-01
4.753930511014253568e+01 -2.726181223009458421e-01
4.758930511014253995e+01 -2.707991176541193479e-01
4.763930511014253710e+01 -2.674950524045386357e-01
4.768930511014253426e+01 -2.619885988668184673e-01
4.773930511014253852e+01 -2.532223731259634625e-01
4.778930511014254279e+01 -2.404511783205153519e-01
4.783930511014253995e+01 -2.236349577754240814e-01
4.788930511014253710e+01 -2.034643883957039379e-01
4.793930511014254137e+01 -1.811479433967643493e-01
4.798930511014254563e+01 -1.581974506649035384e-01
4.803930511014254279e+01 -1.363842513160431202e-01
4.808930511014253995e+01 -1.178710794012649138e-01
4.813930511014254421e+01 -1.053721734152244377e-01
4.818930511014254847e+01 -1.021339314195902764e-01
4.823930511014254563e+01 -1.115693428521462860e-01
4.828930511014254279e+01 -1.364906923025825947e-01
4.833930511014254705e+01 -1.780383994811085835e-01
4.838930511014255131e+01 -2.345779531930482220e-01
4.843930511014254847e+01 -3.009847943762929412e-01
4.848930511014254563e+01 -3.687678628161800143e-01
4.853930511014254989e+01 -4.273036925986860024e-01
4.858930511014255416e+01 -4.660589245540185943e-01
4.863930511014255131e+01 -4.772116793580756799e-01
4.868930511014254847e+01 -4.577866986053044096e-01
4.873930511014255273e+01 -4.104990033601682575e-01
4.878930511014255700e+01 -3.429675813693550679e-01
4.883930511014255416e+01 -2.655993820441946429e-01
4.888930511014255131e+01 -1.889347453624123929e-01
4.893930511014255558e+01 -1.213588966900097238e-01
4.898930511014255984e+01 -6.781075452659190983e-02
4.903930511014255700e+01 -2.964911542950644102e-02
4.908930511014255416e+01 -5.416251308408535220e-03
4.913930511014255842e+01 7.967148681844830882e-03
4.918930511014256268e+01 1.401795903545382041e-02
4.923930511014255984e+01 1.579879236385247493e-02
4.928930511014255700e+01 1.541902054446952011e-02
4.933930511014256126e+01 1.390476842524204261e-02
4.938930511014256552e+01 1.135935560444664705e-02
4.943930511014256268e+01 7.322176115865574632e-03
4.948930511014255984e+01 1.225706786158102394e-03
4.953930511014256410e+01 -7.167173924798499705e-03
4.958930511014256837e+01 -1.747440737555017859e-02
4.963930511014256552e+01 -2.865744580074831155e-02
4.968930511014256268e+01 -3.925952914174113406e-02
4.973930511014256695e+01 -4.783301802341290848e-02
4.978930511014257121e+01 -5.338073317968951292e-02
4.983930511014256837e+01 -5.562428289508557916e-02
4.988930511014256552e+01 -5.499257053722153565e-02
4.993930511014256979e+01 -5.235696134866501400e-02
4.998930511014257405e+01 -4.865385157102675856e-02
5.003930511014257121e+01 -4.457059571873918380e-02
5.008930511014256837e+01 -4.041532718353683939e-02
5.013930511014257263e+01 -3.618521187922515286e-02
5.018930511014257689e+01 -3.175358687170814348e-02
5.023930511014257405e+01 -2.706021770846681745e-02
5.028930511014257121e+01 -2.221705575324931306e-02
5.033930511014257547e+01 -1.750552827043810530e-02
5.038930511014257974e+01 -1.329962259256185948e-02
5.043930511014257689e+01 -9.973592159078064831e-03
5.048930511014257405e+01 -7.840293321559324222e-03
5.053930511014257831e+01 -7.132495581793767657e-03
5.058930511014258258e+01 -8.008376148870299110e-03
5.063930511014257974e+01 -1.055127889171494394e-02
5.068930511014257689e+01 -1.474795075159411953e-02
5.073930511014258116e+01 -2.046199835685342389e-02
5.078930511014258542e+01 -2.745463655932113209e-02
5.083930511014258258e+01 -3.552322945453591924e-02
5.088930511014257974e+01 -4.481155163827281462e-02
5.093930511014258400e+01 -5.628441306477911799e-02
5.098930511014258826e+01 -7.225867128853424859e-02
5.103930511014258542e+01 -9.676809703636342352e-02
5.108930511014258258e+01 -1.354581661766921241e-01
5.113930511014258684e+01 -1.947222489728932804e-01
5.118930511014259110e+01 -2.799628781584481696e-01
5.123930511014258826e+01 -3.932057070209500349e-01
5.128930511014258542e+01 -5.307281011793952841e-01
5.133930511014258968e+01 -6.816919574434063822e-01
5.138930511014259395e+01 -8.287412187285126963e-01
5.143930511014259110e+01 -9.509877370730743795e-01
5.148930511014258826e+01 -1.028874604285494376e+00
5.153930511014259253e+01 -1.049477749198467702e+00
5.158930511014259679e+01 -1.010400440218982787e+00
5.163930511014259395e+01 -9.208359841347307784e-01
5.168930511014259110e+01 -7.994709991071136113e-01
5.173930511014259537e+01 -6.701133479044829588e-01
5.178930511014259963e+01 -5.566212538125024922e-01
5.183930511014259679e+01 -4.785851309729455272e-01
5.188930511014259395e+01 -4.484886320225155987e-01
5.193930511014259821e+01 -4.703039879214940822e-01
5.198930511014260247e+01 -5.391466631535978271e-01
5.203930511014259963e+01 -6.418162474507751458e-01
5.208930511014259679e+01 -7.584473145908829927e-01
5.213930511014260105e+01 -8.656004568430947232e-01
5.218930511014260532e+01 -9.406891726209265503e-01
5.223930511014260247e+01 -9.668581953672349405e-01
5.228930511014259963e+01 -9.368294605896150262e-01
5.233930511014260389e+01 -8.543019404636525982e-01
5.238930511014260816e+01 -7.323213777303750893e-01
5.243930511014260532e+01 -5.892283384674884550e-01
5.248930511014260247e+01 -4.437140746909710720e-01
5.253930511014260674e+01 -3.106997016940938328e-01
5.258930511014261100e+01 -1.991826112322090114e-01
5.263930511014260816e+01 -1.122466601073172227e-01
5.268930511014260532e+01 -4.861649203588646467e-02
5.273930511014260958e+01 -4.783916224690203979e-03
5.278930511014261384e+01 2.312695466660659449e-02
5.283930511014261100e+01 3.816605883084694256e-02
5.288930511014260816e+01 4.201031623049066716e-02
5.293930511014261242e+01 3.478627216759994090e-02
5.298930511014261668e+01 1.498039895120043506e-02
5.303930511014261384e+01 -2.065474908009197474e-02
5.308930511014261100e+01 -7.702624172332021846e-02
5.313930511014261526e+01 -1.600968580748927672e-01
5.318930511014261953e+01 -2.754107282363142950e-01
5.323930511014261668e+01 -4.257086741904537730e-01
5.328930511014261384e+01 -6.081214033508982597e-01
5.333930511014261810e+01 -8.119721896053786470e-01
5.338930511014262237e+01 -1.018454422606830834e+00
5.343930511014261953e+01 -1.203088363512204051e+00
5.348930511014261668e+01 -1.340871983690842040e+00
5.353930511014262095e+01 -1.412770056005117292e+00
5.358930511014262521e+01 -1.411266815646694761e+00
5.363930511014262237e+01 -1.342728147827699559e+00
5.368930511014261953e+01 -1.225433701145512311e+00
5.373930511014262379e+01 -1.083897699732847109e+00
5.378930511014262805e+01 -9.416496515325493144e-01
5.383930511014262521e+01 -8.152191145466992639e-01
5.388930511014262237e+01 -7.114081450486100522e-01
5.393930511014262663e+01 -6.284312247745158508e-01
5.398930511014263089e+01 -5.599343185042218174e-01
5.403930511014262805e+01 -4.999890106820589764e-01
5.408930511014262521e+01 -4.471847629594444817e-01
5.413930511014262947e+01 -4.066918293850333432e-01
5.418930511014263374e+01 -3.901120581738956594e-01
5.423930511014263089e+01 -4.135829771821926681e-01
5.428930511014262805e+01 -4.947692859932283915e-01
5.433930511014263232e+01 -6.492432571880749625e-01
5.438930511014263658e+01 -8.866724951849095371e-01
5.443930511014263374e+01 -1.207421202311846908e+00
5.448930511014263089e+01 -1.600511528114348048e+00
5.453930511014263516e+01 -2.043978367473490376e+00
5.458930511014263942e+01 -2.508105508592533006e+00
5.463930511014263658e+01 -2.960882320232257836e+00
5.468930511014263374e+01 -3.373840069300716671e+00
5.473930511014263800e+01 -3.726029844427078075e+00
5.478930511014264226e+01 -4.004745143106618777e+00
5.483930511014263942e+01 -4.203309554124180281e+00
5.488930511014263658e+01 -4.317789087944516879e+00
5.493930511014264084e+01 -4.344826058587105244e+00
5.498930511014264511e+01 -4.281730917925334445e+00
5.503930511014264226e+01 -4.128327821885840798e+00
5.508930511014263942e+01 -3.889021018788027195e+00
5.513930511014263658e+01 -3.573749083318811692e+00
5.518930511014264795e+01 -3.197526429660612290e+00
5.523930511014264511e+01 -2.779168723049958434e+00
5.528930511014264226e+01 -2.339901550972815603e+00
5.533930511014265363e+01 -1.902013759721882247e+00
5.538930511014265079e+01 -1.487229002409188539e+00
5.543930511014264795e+01 -1.114551118942104679e+00
5.548930511014264511e+01 -7.978946286481193306e-01
5.553930511014264226e+01 -5.443000166430506104e-01
5.558930511014265363e+01 -3.535022482210192218e-01
5.563930511014265079e+01 -2.190749475646603939e-01
5.568930511014264795e+01 -1.307023910313305226e-01
5.573930511014265932e+01 -7.675551947161306232e-02
5.578930511014265647e+01 -4.641794852554825129e-02
5.583930511014265363e+01 -3.097727888030265067e-02
5.588930511014265079e+01 -2.429846458003722190e-02
5.593930511014264795e+01 -2.273487721962016983e-02
5.598930511014265932e+01 -2.476589707306035837e-02
5.603930511014265647e+01 -3.054696637634443310e-02
5.608930511014265363e+01 -4.142030308640087116e-02
5.613930511014266500e+01 -5.933909673297926846e-02
5.618930511014266216e+01 -8.614405511149338113e-02
5.623930511014265932e+01 -1.227047295345662786e-01
5.628930511014265647e+01 -1.680725469595561739e-01
5.633930511014265363e+01 -2.189239812588503198e-01
5.638930511014266500e+01 -2.696108104120640836e-01
5.643930511014266216e+01 -3.130074023276624984e-01
5.648930511014265932e+01 -3.420577344834062061e-01
5.653930511014267069e+01 -3.515909261877526171e-01
5.658930511014266784e+01 -3.397735266206527993e-01
5.663930511014266500e+01 -3.086401506049866739e-01
5.668930511014266216e+01 -2.634894794919941385e-01
5.673930511014265932e+01 -2.113879746794193049e-01
5.678930511014267069e+01 -1.593579149501042347e-01
5.683930511014266784e+01 -1.128810309497530612e-01
5.688930511014266500e+01 -7.512850715962680892e-02
5.693930511014267637e+01 -4.697978132125545797e-02
5.698930511014267353e+01 -2.760121849611476413e-02
5.703930511014267069e+01 -1.523516601129590656e-02
5.708930511014266784e+01 -7.900600068588762084e-03
5.713930511014266500e+01 -3.849111854684103984e-03
5.718930511014267637e+01 -1.761745873798592618e-03
5.723930511014267353e+01 -7.575370662071414076e-04
5.728930511014267069e+01 -3.060122205496004300e-04
5.733930511014268205e+01 -1.161301255745317854e-04
5.738930511014267921e+01 -4.140185145163569752e-05
5.743930511014267637e+01 -1.386632252364522923e-05
5.748930511014267353e+01 -4.362824861215203382e-06
5.753930511014267069e+01 -1.289548799475660656e-06
5.758930511014268205e+01 -3.580718012190007899e-07
5.763930511014267921e+01 -9.340364324331510686e-08
5.768930511014267637e+01 -2.288853806217235628e-08
5.773930511014268774e+01 -5.269048061487624940e-09
5.778930511014268490e+01 -1.139477027924240796e-09
5.783930511014268205e+01 -2.314929838929255899e-10
5.788930511014267921e+01 -4.418028893445824883e-11
5.793930511014267637e+01 -7.920952553977266085e-12
5.798930511014268774e+01 -1.334086989917844590e-12
5.803930511014268490e+01 -2.110807087318732845e-13
5.808930511014268205e+01 -3.137403773399767581e-14
5.813930511014269342e+01 -4.380761510993162013e-15
5.818930511014269058e+01 -5.746269725296334455e-16
5.823930511014268774e+01 -7.080753917896556055e-17
5.828930511014268490e+01 -8.196529498991461086e-18
5.833930511014268205e+01 -8.913277979014136845e-19
5.838930511014269342e+01 -9.105457611856641787e-20
5.843930511014269058e+01 -8.738219200225322556e-21
5.848930511014268774e+01 -7.877726236725456482e-22
5.853930511014269911e+01 -6.671685899070189959e-23
5.858930511014269626e+01 -5.307952515183123290e-24
5.863930511014269342e+01 -3.967118500209888052e-25
5.868930511014269058e+01 -2.785351475581583265e-26
5.873930511014268774e+01 -1.837136853317693723e-27
5.878930511014269911e+01 -1.138307695615286120e-28
5.883930511014269626e+01 -6.625741413132673246e-30
5.888930511014269342e+01 -3.622979958442793369e-31
5.893930511014270479e+01 -1.861032734063974529e-32
5.898930511014270195e+01 -8.980462787170637057e-34
5.903930511014269911e+01 -4.070990069431245683e-35
5.908930511014269626e+01 -1.733636268200734198e-36
5.913930511014269342e+01 -6.935416335426223470e-38
5.918930511014270479e+01 -2.606415797434811524e-39
5.923930511014270195e+01 -9.201771998147520318e-41
5.928930511014269911e+01 -3.051798404561900933e-42
5.933930511014271048e+01 -9.508167376118735485e-44
5.938930511014270763e+01 -2.782879466378114314e-45
5.943930511014270479e+01 -7.651535101977982242e-47
5.948930511014270195e+01 -1.976329499125156797e-48
5.953930511014269911e+01 -4.795420879653895362e-50
5.958930511014271048e+01 -1.093076870647859992e-51
5.963930511014270763e+01 -2.340621970128312947e-53
5.968930511014270479e+01 -4.708346829721752063e-55
5.973930511014271616e+01 -8.897381505796473204e-57
5.978930511014271332e+01 -1.579474342160465592e-58
5.983930511014271048e+01 -2.634022825338838860e-60
5.988930511014270763e+01 -4.126511774393065189e-62
5.993930511014270479e+01 -6.072999410487448198e-64
5.998930511014271616e+01 -8.396146057707295544e-66
6.003930511014271332e+01 -1.090469005904327954e-67
6.008930511014271048e+01 -1.330464414195927478e-69
6.013930511014272184e+01 -1.524929601990391856e-71
6.018930511014271900e+01 -1.641923513451703236e-73
6.023930511014271616e+01 -1.660782059322562504e-75
6.028930511014271332e+01 -1.578079805413552260e-77
6.033930511014271048e+01 -1.408646027384763406e-79
6.038930511014272184e+01 -1.181221606834860593e-81
6.043930511014271900e+01 -9.305023731673632977e-84
6.048930511014271616e+01 -6.885891617762982509e-86
6.053930511014272753e+01 -4.786956437811237415e-88
6.058930511014272469e+01 -3.126189952226075527e-90
6.063930511014272184e+01 -1.917908329953408529e-92
6.068930511014271900e+01 -1.105342637545481686e-94
6.073930511014271616e+01 -5.984427296590451553e-97
6.078930511014272753e+01 -3.043721152638319210e-99
6.083930511014272469e+01 -1.454265578131614521e-101
6.088930511014272184e+01 -6.527384288118283430e-104
6.093930511014273321e+01 -2.752271251299559162e-106
6.098930511014273037e+01 -1.090184192781921862e-108
6.103930511014272753e+01 -4.056627425361278718e-111
6.108930511014272469e+01 -1.418035028927709662e-113
6.113930511014272184e+01 -4.656562009875759764e-116
6.118930511014273321e+01 -1.436482756637062886e-118
6.123930511014273037e+01 -4.162862233325096771e-121
6.128930511014272753e+01 -1.133287907427600945e-123
6.133930511014273890e+01 -2.898311538706945874e-126
6.138930511014273605e+01 -6.963161560047906818e-129
6.143930511014273321e+01 -1.571536501715760573e-131
6.148930511014273037e+01 -3.331954548310717512e-134
6.153930511014272753e+01 -6.636364922870056492e-137
6.158930511014273890e+01 -1.241703898613087449e-139
6.163930511014273605e+01 -2.182541071563326884e-142
6.168930511014273321e+01 -3.603822566340535268e-145
6.173930511014274458e+01 -5.590117938569718798e-148
6.178930511014274174e+01 -8.145826124064174888e-151
6.183930511014273890e+01 -1.115079664154931169e-153
6.188930511014273605e+01 -1.433947497676912954e-156
6.193930511014273321e+01 -1.732276445527708184e-159
6.198930511014274458e+01 -1.965883351316208108e-162
6.203930511014274174e+01 -2.095824361473153653e-165
6.208930511014273890e+01 -2.098981537448187644e-168
6.213930511014275027e+01 -1.974781035090143176e-171
