# Energy(eV) minus_pCOHP_up minus_pCOHP_down minus_pCOHP_sum
-1.203007999999999988e+01 -0.000000000000000000e+00 -0.000000000000000000e+00 -0.000000000000000000e+00
-1.197995000000000054e+01 -0.000000000000000000e+00 -0.000000000000000000e+00 -0.000000000000000000e+00
-1.192981999999999942e+01 -0.000000000000000000e+00 -0.000000000000000000e+00 -0.000000000000000000e+00
-1.187969999999999970e+01 -0.000000000000000000e+00 -0.000000000000000000e+00 -0.000000000000000000e+00
-1.182957000000000036e+01 -0.000000000000000000e+00 -0.000000000000000000e+00 -0.000000000000000000e+00
-1.177945000000000064e+01 -0.000000000000000000e+00 -0.000000000000000000e+00 -0.000000000000000000e+00
-1.172931999999999952e+01 -0.000000000000000000e+00 -0.000000000000000000e+00 -0.000000000000000000e+00
-1.167919999999999980e+01 -0.000000000000000000e+00 -0.000000000000000000e+00 -0.000000000000000000e+00
-1.162907000000000046e+01 -0.000000000000000000e+00 -0.000000000000000000e+00 -0.000000000000000000e+00
-1.157895000000000074e+01 -0.000000000000000000e+00 -0.000000000000000000e+00 -0.000000000000000000e+00
-1.152881999999999962e+01 -0.000000000000000000e+00 -0.000000000000000000e+00 -0.000000000000000000e+00
-1.147869999999999990e+01 -0.000000000000000000e+00 -0.000000000000000000e+00 -0.000000000000000000e+00
-1.142857000000000056e+01 -0.000000000000000000e+00 -0.000000000000000000e+00 -0.000000000000000000e+00
-1.137845000000000084e+01 -0.000000000000000000e+00 -0.000000000000000000e+00 -0.000000000000000000e+00
-1.132831999999999972e+01 -0.000000000000000000e+00 -0.000000000000000000e+00 -0.000000000000000000e+00
-1.127820000000000000e+01 -0.000000000000000000e+00 -0.000000000000000000e+00 -0.000000000000000000e+00
-1.122807000000000066e+01 -0.000000000000000000e+00 -0.000000000000000000e+00 -0.000000000000000000e+00
-1.117793999999999954e+01 -0.000000000000000000e+00 -0.000000000000000000e+00 -0.000000000000000000e+00
-1.112781999999999982e+01 -0.000000000000000000e+00 -0.000000000000000000e+00 -0.000000000000000000e+00
-1.107769000000000048e+01 -0.000000000000000000e+00 -0.000000000000000000e+00 -0.000000000000000000e+00
-1.102757000000000076e+01 -0.000000000000000000e+00 -0.000000000000000000e+00 -0.000000000000000000e+00
-1.097743999999999964e+01 -0.000000000000000000e+00 -0.000000000000000000e+00 -0.000000000000000000e+00
-1.092731999999999992e+01 -0.000000000000000000e+00 -0.000000000000000000e+00 -0.000000000000000000e+00
-1.087719000000000058e+01 -0.000000000000000000e+00 -0.000000000000000000e+00 -0.000000000000000000e+00
-1.082707000000000086e+01 -0.000000000000000000e+00 -0.000000000000000000e+00 -0.000000000000000000e+00
-1.077693999999999974e+01 -0.000000000000000000e+00 -0.000000000000000000e+00 -0.000000000000000000e+00
-1.072682000000000002e+01 -0.000000000000000000e+00 -0.000000000000000000e+00 -0.000000000000000000e+00
-1.067669000000000068e+01 -0.000000000000000000e+00 -0.000000000000000000e+00 -0.000000000000000000e+00
-1.062656999999999918e+01 -0.000000000000000000e+00 -0.000000000000000000e+00 -0.000000000000000000e+00
-1.057643999999999984e+01 -0.000000000000000000e+00 -0.000000000000000000e+00 -0.000000000000000000e+00
-1.052632000000000012e+01 0.000000000000000000e+00 0.000000000000000000e+00 0.000000000000000000e+00
-1.047619000000000078e+01 0.000000000000000000e+00 0.000000000000000000e+00 0.000000000000000000e+00
-1.042606999999999928e+01 0.000000000000000000e+00 0.000000000000000000e+00 0.000000000000000000e+00
-1.037593999999999994e+01 0.000000000000000000e+00 0.000000000000000000e+00 0.000000000000000000e+00
-1.032581000000000060e+01 0.000000000000000000e+00 0.000000000000000000e+00 0.000000000000000000e+00
-1.027569000000000088e+01 0.000000000000000000e+00 0.000000000000000000e+00 0.000000000000000000e+00
-1.022555999999999976e+01 0.000000000000000000e+00 0.000000000000000000e+00 0.000000000000000000e+00
-1.017544000000000004e+01 0.000000000000000000e+00 0.000000000000000000e+00 0.000000000000000000e+00
-1.012531000000000070e+01 0.000000000000000000e+00 0.000000000000000000e+00 0.000000000000000000e+00
-1.007518999999999920e+01 0.000000000000000000e+00 0.000000000000000000e+00 0.000000000000000000e+00
-1.002505999999999986e+01 0.000000000000000000e+00 0.000000000000000000e+00 0.000000000000000000e+00
-9.974940000000000140e+00 1.000000000000000082e-05 1.000000000000000082e-05 2.000000000000000164e-05
-9.924810000000000798e+00 5.000000000000000240e-05 6.999999999999999387e-05 1.199999999999999895e-04
-9.874689999999999301e+00 2.500000000000000052e-04 2.999999999999999737e-04 5.499999999999999247e-04
-9.824559999999999960e+00 1.020000000000000073e-03 1.219999999999999947e-03 2.239999999999999804e-03
-9.774440000000000239e+00 3.720000000000000216e-03 4.349999999999999700e-03 8.070000000000000784e-03
-9.724309999999999121e+00 1.200000000000000025e-02 1.379000000000000017e-02 2.579000000000000042e-02
-9.674189999999999401e+00 3.434999999999999859e-02 3.880999999999999728e-02 7.316000000000000281e-02
-9.624060000000000059e+00 8.719000000000000361e-02 9.682999999999999940e-02 1.840200000000000169e-01
-9.573930000000000717e+00 1.962200000000000055e-01 2.142499999999999960e-01 4.104700000000000015e-01
-9.523809999999999221e+00 3.915199999999999791e-01 4.203899999999999859e-01 8.119099999999999095e-01
-9.473679999999999879e+00 6.926299999999999679e-01 7.314399999999999791e-01 1.424069999999999947e+00
-9.423560000000000159e+00 1.086300000000000043e+00 1.128419999999999979e+00 2.214719999999999800e+00
-9.373430000000000817e+00 1.510299999999999976e+00 1.543430000000000080e+00 3.053729999999999833e+00
-9.323309999999999320e+00 1.861240000000000006e+00 1.871490000000000098e+00 3.732730000000000103e+00
-9.273179999999999978e+00 2.032950000000000035e+00 2.011530000000000040e+00 4.044480000000000075e+00
-9.223060000000000258e+00 1.967840000000000034e+00 1.916239999999999943e+00 3.884079999999999977e+00
-9.172929999999999140e+00 1.687869999999999981e+00 1.617729999999999890e+00 3.305600000000000094e+00
-9.122809999999999420e+00 1.282690000000000108e+00 1.210150000000000059e+00 2.492840000000000167e+00
-9.072680000000000078e+00 8.635500000000000398e-01 8.020300000000000207e-01 1.665580000000000060e+00
-9.022560000000000358e+00 5.149599999999999733e-01 4.708700000000000108e-01 9.858299999999999841e-01
-8.972429999999999239e+00 2.719799999999999995e-01 2.448500000000000121e-01 5.168300000000000116e-01
-8.922309999999999519e+00 1.272000000000000075e-01 1.127599999999999991e-01 2.399600000000000066e-01
-8.872180000000000177e+00 5.267999999999999766e-02 4.598000000000000004e-02 9.865999999999999770e-02
-8.822060000000000457e+00 1.931000000000000077e-02 1.659000000000000058e-02 3.590000000000000135e-02
-8.771929999999999339e+00 6.259999999999999939e-03 5.290000000000000431e-03 1.155000000000000124e-02
-8.721799999999999997e+00 1.770000000000000089e-03 1.440000000000000091e-03 3.210000000000000180e-03
-8.671680000000000277e+00 3.800000000000000209e-04 2.300000000000000070e-04 6.100000000000000821e-04
-8.621549999999999159e+00 -9.000000000000000567e-05 -2.599999999999999772e-04 -3.499999999999999964e-04
-8.571429999999999438e+00 -4.000000000000000192e-04 -6.999999999999999929e-04 -1.100000000000000066e-03
-8.521300000000000097e+00 -8.300000000000000086e-04 -1.309999999999999967e-03 -2.139999999999999975e-03
-8.471180000000000376e+00 -1.469999999999999953e-03 -2.190000000000000106e-03 -3.660000000000000059e-03
-8.421049999999999258e+00 -2.350000000000000092e-03 -3.299999999999999982e-03 -5.650000000000000508e-03
-8.370929999999999538e+00 -3.459999999999999968e-03 -4.610000000000000382e-03 -8.070000000000000784e-03
-8.320800000000000196e+00 -4.780000000000000394e-03 -6.080000000000000335e-03 -1.086000000000000160e-02
-8.270680000000000476e+00 -6.289999999999999584e-03 -7.660000000000000142e-03 -1.395000000000000059e-02
-8.220549999999999358e+00 -7.969999999999999654e-03 -9.310000000000000567e-03 -1.728000000000000022e-02
-8.170429999999999637e+00 -9.700000000000000289e-03 -1.085999999999999986e-02 -2.056000000000000189e-02
-8.120300000000000296e+00 -1.120999999999999948e-02 -1.203000000000000076e-02 -2.324000000000000024e-02
-8.070180000000000575e+00 -1.217999999999999985e-02 -1.255000000000000039e-02 -2.473000000000000198e-02
-8.020049999999999457e+00 -1.238000000000000038e-02 -1.231999999999999935e-02 -2.469999999999999973e-02
-7.969920000000000115e+00 -1.183000000000000024e-02 -1.145999999999999970e-02 -2.328999999999999820e-02
-7.919800000000000395e+00 -1.073999999999999955e-02 -1.021000000000000033e-02 -2.094999999999999987e-02
-7.869670000000000165e+00 -9.320000000000000159e-03 -8.729999999999999913e-03 -1.805000000000000007e-02
-7.819549999999999557e+00 -7.709999999999999840e-03 -7.049999999999999843e-03 -1.475999999999999882e-02
-7.769420000000000215e+00 -5.870000000000000218e-03 -5.100000000000000366e-03 -1.097000000000000058e-02
-7.719299999999999606e+00 -3.650000000000000033e-03 -2.720000000000000195e-03 -6.370000000000000662e-03
-7.669170000000000265e+00 -8.099999999999999561e-04 2.999999999999999737e-04 -5.100000000000000366e-04
-7.619049999999999656e+00 2.990000000000000036e-03 4.329999999999999648e-03 7.320000000000000118e-03
-7.568920000000000314e+00 8.290000000000000493e-03 9.879999999999999893e-03 1.816999999999999865e-02
-7.518799999999999706e+00 1.574000000000000052e-02 1.755999999999999922e-02 3.329999999999999627e-02
-7.468670000000000364e+00 2.607999999999999902e-02 2.802999999999999936e-02 5.410999999999999838e-02
-7.418549999999999756e+00 4.003000000000000308e-02 4.188000000000000056e-02 8.191000000000001058e-02
-7.368420000000000414e+00 5.797000000000000069e-02 5.917000000000000037e-02 1.171399999999999941e-01
-7.318299999999999805e+00 7.954999999999999571e-02 7.911999999999999589e-02 1.586699999999999777e-01
-7.268169999999999575e+00 1.037799999999999973e-01 1.003799999999999970e-01 2.041600000000000081e-01
-7.218049999999999855e+00 1.305999999999999939e-01 1.228400000000000047e-01 2.534399999999999986e-01
-7.167919999999999625e+00 1.639799999999999869e-01 1.508299999999999919e-01 3.148099999999999787e-01
-7.117790000000000283e+00 2.149999999999999967e-01 1.958999999999999908e-01 4.108999999999999875e-01
-7.067669999999999675e+00 3.016499999999999737e-01 2.761299999999999866e-01 5.777799999999999603e-01
-7.017540000000000333e+00 4.428000000000000269e-01 4.102700000000000236e-01 8.530699999999999950e-01
-6.967419999999999725e+00 6.469799999999999995e-01 6.073300000000000365e-01 1.254310000000000036e+00
-6.917290000000000383e+00 9.009500000000000286e-01 8.560499999999999776e-01 1.757000000000000117e+00
-6.867169999999999774e+00 1.165359999999999951e+00 1.120419999999999972e+00 2.285779999999999923e+00
-6.817040000000000433e+00 1.383010000000000073e+00 1.346389999999999976e+00 2.729400000000000048e+00
-6.766919999999999824e+00 1.498990000000000045e+00 1.479910000000000059e+00 2.978900000000000325e+00
-6.716789999999999594e+00 1.484339999999999993e+00 1.489530000000000021e+00 2.973869999999999791e+00
-6.666669999999999874e+00 1.351310000000000011e+00 1.382489999999999997e+00 2.733800000000000008e+00
-6.616539999999999644e+00 1.151100000000000012e+00 1.204450000000000021e+00 2.355550000000000033e+00
-6.566419999999999924e+00 9.535400000000000542e-01 1.020939999999999959e+00 1.974480000000000013e+00
-6.516289999999999694e+00 8.177900000000000169e-01 8.882900000000000240e-01 1.706080000000000041e+00
-6.466169999999999973e+00 7.680000000000000160e-01 8.290699999999999736e-01 1.597069999999999990e+00
-6.416039999999999743e+00 7.861299999999999955e-01 8.255599999999999605e-01 1.611689999999999845e+00
-6.365910000000000402e+00 8.253700000000000481e-01 8.345200000000000395e-01 1.659890000000000088e+00
-6.315789999999999793e+00 8.363500000000000378e-01 8.139399999999999968e-01 1.650290000000000035e+00
-6.265659999999999563e+00 7.913599999999999524e-01 7.449500000000000011e-01 1.536309999999999842e+00
-6.215539999999999843e+00 6.933700000000000419e-01 6.367699999999999472e-01 1.330140000000000100e+00
-6.165409999999999613e+00 5.672599999999999865e-01 5.149599999999999733e-01 1.082219999999999960e+00
-6.115289999999999893e+00 4.421100000000000030e-01 4.040599999999999747e-01 8.461699999999999777e-01
-6.065159999999999663e+00 3.368999999999999773e-01 3.163699999999999846e-01 6.532700000000000173e-01
-6.015039999999999942e+00 2.565399999999999903e-01 2.513400000000000079e-01 5.078799999999999981e-01
-5.964909999999999712e+00 1.965099999999999902e-01 2.017400000000000027e-01 3.982499999999999929e-01
-5.914789999999999992e+00 1.499099999999999877e-01 1.603499999999999925e-01 3.102599999999999802e-01
-5.864659999999999762e+00 1.120799999999999991e-01 1.234900000000000025e-01 2.355700000000000016e-01
-5.814540000000000042e+00 8.155999999999999361e-02 9.116000000000000492e-02 1.727199999999999847e-01
-5.764409999999999812e+00 5.863999999999999768e-02 6.508999999999999508e-02 1.237299999999999928e-01
-5.714290000000000092e+00 4.338000000000000189e-02 4.667000000000000315e-02 9.005000000000000504e-02
-5.664159999999999862e+00 3.459999999999999881e-02 3.568000000000000338e-02 7.028000000000000913e-02
-5.614040000000000141e+00 3.009999999999999828e-02 3.022000000000000033e-02 6.031999999999999862e-02
-5.563909999999999911e+00 2.744999999999999871e-02 2.769999999999999893e-02 5.514999999999999764e-02
-5.513779999999999681e+00 2.493000000000000077e-02 2.587000000000000063e-02 5.079999999999999793e-02
-5.463659999999999961e+00 2.170000000000000054e-02 2.344999999999999862e-02 4.514999999999999569e-02
-5.413529999999999731e+00 1.763999999999999943e-02 2.010999999999999940e-02 3.774999999999999883e-02
-5.363410000000000011e+00 1.301000000000000073e-02 1.610999999999999932e-02 2.912000000000000005e-02
-5.313279999999999781e+00 8.149999999999999259e-03 1.187999999999999994e-02 2.002999999999999919e-02
-5.263160000000000061e+00 3.340000000000000087e-03 7.790000000000000049e-03 1.113000000000000100e-02
-5.213029999999999831e+00 -1.270000000000000078e-03 4.020000000000000136e-03 2.749999999999999840e-03
-5.162910000000000110e+00 -5.709999999999999798e-03 5.599999999999999509e-04 -5.150000000000000064e-03
-5.112779999999999880e+00 -1.009999999999999960e-02 -2.809999999999999998e-03 -1.290999999999999960e-02
-5.062660000000000160e+00 -1.451000000000000033e-02 -6.400000000000000307e-03 -2.091000000000000150e-02
-5.012529999999999930e+00 -1.888000000000000095e-02 -1.048999999999999932e-02 -2.937000000000000027e-02
-4.962410000000000210e+00 -2.298000000000000043e-02 -1.521999999999999915e-02 -3.819999999999999785e-02
-4.912279999999999980e+00 -2.644000000000000170e-02 -2.043999999999999984e-02 -4.688000000000000500e-02
-4.862160000000000259e+00 -2.894000000000000045e-02 -2.574999999999999858e-02 -5.469000000000000250e-02
-4.812030000000000030e+00 -3.033999999999999891e-02 -3.049999999999999933e-02 -6.083999999999999825e-02
-4.761899999999999800e+00 -3.077999999999999833e-02 -3.398000000000000326e-02 -6.475999999999999812e-02
-4.711780000000000079e+00 -3.071000000000000119e-02 -3.559999999999999970e-02 -6.631000000000000782e-02
-4.661649999999999849e+00 -3.070000000000000159e-02 -3.513999999999999763e-02 -6.583999999999999575e-02
-4.611530000000000129e+00 -3.132000000000000062e-02 -3.287999999999999950e-02 -6.420000000000000706e-02
-4.561399999999999899e+00 -3.298000000000000237e-02 -2.961000000000000090e-02 -6.259000000000000674e-02
-4.511280000000000179e+00 -3.599999999999999728e-02 -2.640999999999999945e-02 -6.240999999999999326e-02
-4.461149999999999949e+00 -4.064999999999999863e-02 -2.432000000000000134e-02 -6.496999999999999997e-02
-4.411030000000000229e+00 -4.689000000000000112e-02 -2.401999999999999968e-02 -7.091000000000000081e-02
-4.360899999999999999e+00 -5.405999999999999694e-02 -2.585000000000000145e-02 -7.990999999999999492e-02
-4.310780000000000278e+00 -6.076000000000000151e-02 -3.000999999999999848e-02 -9.077000000000000346e-02
-4.260650000000000048e+00 -6.537999999999999368e-02 -3.665999999999999814e-02 -1.020399999999999918e-01
-4.210530000000000328e+00 -6.696000000000000563e-02 -4.567999999999999838e-02 -1.126400000000000040e-01
-4.160400000000000098e+00 -6.585000000000000575e-02 -5.621000000000000302e-02 -1.220600000000000018e-01
-4.110280000000000378e+00 -6.360999999999999988e-02 -6.643999999999999906e-02 -1.300499999999999989e-01
-4.060150000000000148e+00 -6.226999999999999896e-02 -7.413999999999999757e-02 -1.364100000000000035e-01
-4.010030000000000427e+00 -6.360000000000000375e-02 -7.761999999999999456e-02 -1.412200000000000122e-01
-3.959900000000000198e+00 -6.873999999999999555e-02 -7.673000000000000653e-02 -1.454699999999999882e-01
-3.909769999999999968e+00 -7.809000000000000663e-02 -7.295999999999999708e-02 -1.510500000000000176e-01
-3.859649999999999803e+00 -9.117000000000000104e-02 -6.877999999999999392e-02 -1.599499999999999811e-01
-3.809520000000000017e+00 -1.064999999999999974e-01 -6.644999999999999518e-02 -1.729499999999999926e-01
-3.759399999999999853e+00 -1.217000000000000026e-01 -6.703000000000000624e-02 -1.887300000000000089e-01
-3.709270000000000067e+00 -1.341799999999999937e-01 -7.022000000000000464e-02 -2.043999999999999984e-01
-3.659149999999999903e+00 -1.421499999999999986e-01 -7.482999999999999374e-02 -2.169800000000000062e-01
-3.609020000000000117e+00 -1.453599999999999892e-01 -7.989000000000000268e-02 -2.252500000000000058e-01
-3.558899999999999952e+00 -1.447599999999999998e-01 -8.537000000000000144e-02 -2.301300000000000012e-01
-3.508770000000000167e+00 -1.413800000000000057e-01 -9.214999999999999580e-02 -2.335300000000000153e-01
-3.458650000000000002e+00 -1.352099999999999969e-01 -1.010899999999999993e-01 -2.363000000000000100e-01
-3.408520000000000216e+00 -1.252900000000000125e-01 -1.119300000000000017e-01 -2.372200000000000142e-01
-3.358400000000000052e+00 -1.108100000000000057e-01 -1.231700000000000017e-01 -2.339800000000000213e-01
-3.308269999999999822e+00 -9.236999999999999378e-02 -1.327800000000000091e-01 -2.251500000000000168e-01
-3.258150000000000102e+00 -7.231999999999999540e-02 -1.393899999999999861e-01 -2.117099999999999815e-01
-3.208019999999999872e+00 -5.392999999999999877e-02 -1.427499999999999880e-01 -1.966799999999999937e-01
-3.157890000000000086e+00 -4.005000000000000226e-02 -1.430700000000000027e-01 -1.831200000000000050e-01
-3.107769999999999921e+00 -3.180000000000000188e-02 -1.400000000000000133e-01 -1.718000000000000083e-01
-3.057640000000000136e+00 -2.821999999999999856e-02 -1.321599999999999997e-01 -1.603799999999999948e-01
-3.007519999999999971e+00 -2.674999999999999947e-02 -1.177399999999999974e-01 -1.444900000000000073e-01
-2.957390000000000185e+00 -2.438999999999999849e-02 -9.563000000000000667e-02 -1.200200000000000017e-01
-2.907270000000000021e+00 -1.881999999999999992e-02 -6.615999999999999659e-02 -8.497999999999999998e-02
-2.857139999999999791e+00 -9.029999999999999832e-03 -3.099999999999999978e-02 -4.002999999999999614e-02
-2.807020000000000071e+00 4.899999999999999842e-03 7.340000000000000170e-03 1.224000000000000088e-02
-2.756889999999999841e+00 2.225999999999999854e-02 4.569999999999999757e-02 6.795999999999999264e-02
-2.706770000000000120e+00 4.240000000000000019e-02 8.028000000000000413e-02 1.226800000000000113e-01
-2.656639999999999890e+00 6.511999999999999733e-02 1.071499999999999952e-01 1.722699999999999787e-01
-2.606520000000000170e+00 9.056999999999999773e-02 1.237199999999999966e-01 2.142899999999999805e-01
-2.556389999999999940e+00 1.185299999999999965e-01 1.305900000000000116e-01 2.491200000000000081e-01
-2.506270000000000220e+00 1.472799999999999943e-01 1.321499999999999897e-01 2.794299999999999562e-01
-2.456139999999999990e+00 1.728600000000000136e-01 1.348199999999999954e-01 3.076800000000000090e-01
-2.406019999999999825e+00 1.895999999999999908e-01 1.440299999999999914e-01 3.336299999999999821e-01
-2.355890000000000040e+00 1.920999999999999930e-01 1.616700000000000081e-01 3.537700000000000289e-01
-2.305759999999999810e+00 1.780299999999999938e-01 1.856299999999999895e-01 3.636599999999999833e-01
-2.255640000000000089e+00 1.499900000000000122e-01 2.112499999999999933e-01 3.612400000000000055e-01
-2.205509999999999859e+00 1.152299999999999991e-01 2.335000000000000131e-01 3.487299999999999844e-01
-2.155390000000000139e+00 8.301999999999999658e-02 2.483899999999999997e-01 3.314099999999999824e-01
-2.105259999999999909e+00 6.117999999999999827e-02 2.533699999999999841e-01 3.145499999999999963e-01
-2.055140000000000189e+00 5.347999999999999976e-02 2.470900000000000041e-01 3.005700000000000038e-01
-2.005009999999999959e+00 5.915000000000000119e-02 2.291799999999999948e-01 2.883299999999999752e-01
-1.954890000000000017e+00 7.427999999999999881e-02 2.004599999999999993e-01 2.747399999999999842e-01
-1.904760000000000009e+00 9.375999999999999612e-02 1.631299999999999972e-01 2.568900000000000072e-01
-1.854640000000000066e+00 1.127500000000000030e-01 1.205900000000000027e-01 2.333399999999999919e-01
-1.804510000000000058e+00 1.271700000000000053e-01 7.659000000000000530e-02 2.037599999999999967e-01
-1.754389999999999894e+00 1.339599999999999957e-01 3.414999999999999980e-02 1.681099999999999817e-01
-1.704260000000000108e+00 1.315500000000000003e-01 -4.980000000000000052e-03 1.265699999999999881e-01
-1.654139999999999944e+00 1.207099999999999979e-01 -4.003000000000000308e-02 8.068000000000000171e-02
-1.604009999999999936e+00 1.045500000000000040e-01 -7.022000000000000464e-02 3.432999999999999940e-02
-1.553879999999999928e+00 8.727999999999999647e-02 -9.400000000000000022e-02 -6.720000000000003748e-03
-1.503759999999999986e+00 7.216000000000000192e-02 -1.092499999999999999e-01 -3.708999999999999797e-02
-1.453629999999999978e+00 6.013999999999999901e-02 -1.142999999999999988e-01 -5.415999999999999981e-02
-1.403510000000000035e+00 5.027000000000000218e-02 -1.090399999999999980e-01 -5.876999999999999585e-02
-1.353380000000000027e+00 4.132999999999999868e-02 -9.511000000000000010e-02 -5.378000000000000141e-02
-1.303260000000000085e+00 3.295000000000000012e-02 -7.521999999999999520e-02 -4.226999999999999508e-02
-1.253130000000000077e+00 2.546999999999999958e-02 -5.245999999999999969e-02 -2.699000000000000010e-02
-1.203009999999999913e+00 1.870000000000000134e-02 -2.999999999999999889e-02 -1.129999999999999755e-02
-1.152879999999999905e+00 1.119999999999999989e-02 -1.089000000000000037e-02 3.099999999999995121e-04
-1.102759999999999962e+00 7.799999999999999859e-04 2.550000000000000183e-03 3.330000000000000061e-03
-1.052629999999999955e+00 -1.426000000000000011e-02 9.509999999999999357e-03 -4.750000000000000749e-03
-1.002510000000000012e+00 -3.416999999999999899e-02 1.098999999999999977e-02 -2.317999999999999922e-02
-9.523800000000000043e-01 -5.763999999999999679e-02 9.069999999999999937e-03 -4.856999999999999512e-02
-9.022599999999999509e-01 -8.229000000000000203e-02 5.649999999999999641e-03 -7.663999999999999979e-02
-8.521300000000000541e-01 -1.051600000000000035e-01 1.410000000000000012e-03 -1.037500000000000089e-01
-8.020100000000000007e-01 -1.234600000000000003e-01 -4.259999999999999898e-03 -1.277200000000000002e-01
-7.518799999999999928e-01 -1.355699999999999961e-01 -1.250000000000000069e-02 -1.480700000000000072e-01
-7.017499999999999849e-01 -1.420800000000000118e-01 -2.393999999999999947e-02 -1.660200000000000009e-01
-6.516300000000000425e-01 -1.461999999999999966e-01 -3.808000000000000274e-02 -1.842799999999999994e-01
-6.015000000000000346e-01 -1.528400000000000036e-01 -5.342000000000000220e-02 -2.062599999999999989e-01
-5.513799999999999812e-01 -1.665500000000000036e-01 -6.809999999999999387e-02 -2.346499999999999975e-01
-5.012499999999999734e-01 -1.891200000000000103e-01 -8.064999999999999947e-02 -2.697700000000000098e-01
-4.511299999999999755e-01 -2.181800000000000128e-01 -9.039999999999999425e-02 -3.085800000000000209e-01
-4.010000000000000231e-01 -2.477999999999999925e-01 -9.754000000000000170e-02 -3.453399999999999803e-01
-3.508800000000000252e-01 -2.707600000000000007e-01 -1.030299999999999966e-01 -3.737900000000000111e-01
-3.007500000000000173e-01 -2.814900000000000180e-01 -1.082100000000000006e-01 -3.897000000000000464e-01
-2.506300000000000194e-01 -2.783300000000000218e-01 -1.143900000000000056e-01 -3.927200000000000135e-01
-2.005000000000000115e-01 -2.644799999999999929e-01 -1.223400000000000043e-01 -3.868199999999999972e-01
-1.503800000000000137e-01 -2.473100000000000021e-01 -1.320099999999999885e-01 -3.793199999999999905e-01
-1.002500000000000058e-01 -2.356800000000000006e-01 -1.426499999999999990e-01 -3.783299999999999996e-01
-5.013000000000000095e-02 -2.357599999999999973e-01 -1.536200000000000065e-01 -3.893800000000000039e-01
0.000000000000000000e+00 -2.470999999999999863e-01 -1.651799999999999935e-01 -4.122799999999999798e-01
5.013000000000000095e-02 -2.618400000000000172e-01 -1.786600000000000132e-01 -4.405000000000000027e-01
1.002500000000000058e-01 -2.684900000000000064e-01 -1.954100000000000004e-01 -4.638999999999999790e-01
1.503800000000000137e-01 -2.585299999999999820e-01 -2.151599999999999902e-01 -4.736899999999999444e-01
2.005000000000000115e-01 -2.314599999999999991e-01 -2.348999999999999977e-01 -4.663599999999999968e-01
2.506300000000000194e-01 -1.951100000000000056e-01 -2.495799999999999963e-01 -4.446900000000000297e-01
3.007500000000000173e-01 -1.613100000000000089e-01 -2.546700000000000075e-01 -4.159800000000000164e-01
3.508800000000000252e-01 -1.402899999999999980e-01 -2.492999999999999938e-01 -3.895899999999999919e-01
4.010000000000000231e-01 -1.372299999999999909e-01 -2.377100000000000046e-01 -3.749399999999999955e-01
4.511299999999999755e-01 -1.517499999999999960e-01 -2.277599999999999902e-01 -3.795100000000000140e-01
5.012499999999999734e-01 -1.790599999999999969e-01 -2.266199999999999881e-01 -4.056799999999999851e-01
5.513799999999999812e-01 -2.116099999999999925e-01 -2.362200000000000133e-01 -4.478300000000000058e-01
6.015000000000000346e-01 -2.411399999999999932e-01 -2.515299999999999758e-01 -4.926699999999999413e-01
6.516300000000000425e-01 -2.616999999999999882e-01 -2.632999999999999785e-01 -5.249999999999999112e-01
7.017499999999999849e-01 -2.727200000000000180e-01 -2.639299999999999979e-01 -5.366500000000000714e-01
7.518799999999999928e-01 -2.798700000000000077e-01 -2.526700000000000057e-01 -5.325400000000000134e-01
8.020100000000000007e-01 -2.920800000000000063e-01 -2.363899999999999890e-01 -5.284699999999999953e-01
8.521300000000000541e-01 -3.155399999999999872e-01 -2.254400000000000015e-01 -5.409800000000000164e-01
9.022599999999999509e-01 -3.484800000000000120e-01 -2.272299999999999875e-01 -5.757099999999999440e-01
9.523800000000000043e-01 -3.805499999999999994e-01 -2.419000000000000039e-01 -6.224499999999999478e-01
1.002510000000000012e+00 -3.978200000000000069e-01 -2.625700000000000256e-01 -6.603900000000000325e-01
1.052629999999999955e+00 -3.905600000000000183e-01 -2.802100000000000146e-01 -6.707700000000000884e-01
1.102759999999999962e+00 -3.588799999999999768e-01 -2.897399999999999975e-01 -6.486199999999999743e-01
1.152879999999999905e+00 -3.126200000000000090e-01 -2.933999999999999941e-01 -6.060200000000000031e-01
1.203009999999999913e+00 -2.661399999999999877e-01 -2.990800000000000125e-01 -5.652200000000000557e-01
1.253130000000000077e+00 -2.319900000000000018e-01 -3.146399999999999753e-01 -5.466299999999999493e-01
1.303260000000000085e+00 -2.170799999999999952e-01 -3.417999999999999927e-01 -5.588800000000000434e-01
1.353380000000000027e+00 -2.221299999999999941e-01 -3.739100000000000201e-01 -5.960400000000000142e-01
1.403510000000000035e+00 -2.425299999999999956e-01 -3.993700000000000028e-01 -6.419000000000000261e-01
1.453629999999999978e+00 -2.696500000000000008e-01 -4.086899999999999977e-01 -6.783399999999999430e-01
1.503759999999999986e+00 -2.931799999999999962e-01 -4.004400000000000182e-01 -6.936200000000000143e-01
1.553879999999999928e+00 -3.050100000000000033e-01 -3.815100000000000158e-01 -6.865200000000000191e-01
1.604009999999999936e+00 -3.032900000000000040e-01 -3.616199999999999970e-01 -6.649100000000000010e-01
1.654139999999999944e+00 -2.937600000000000211e-01 -3.461299999999999932e-01 -6.398900000000000698e-01
1.704260000000000108e+00 -2.871299999999999963e-01 -3.331500000000000017e-01 -6.202799999999999425e-01
1.754389999999999894e+00 -2.934899999999999731e-01 -3.166999999999999815e-01 -6.101900000000000102e-01
1.804510000000000058e+00 -3.171100000000000030e-01 -2.933000000000000052e-01 -6.104100000000000081e-01
1.854640000000000066e+00 -3.540800000000000058e-01 -2.663099999999999912e-01 -6.203899999999999970e-01
1.904760000000000009e+00 -3.940199999999999814e-01 -2.451500000000000068e-01 -6.391700000000000159e-01
1.954890000000000017e+00 -4.248899999999999899e-01 -2.405700000000000061e-01 -6.654599999999999405e-01
2.005009999999999959e+00 -4.390899999999999803e-01 -2.593900000000000095e-01 -6.984799999999999898e-01
2.055140000000000189e+00 -4.375600000000000045e-01 -3.010499999999999843e-01 -7.386099999999999888e-01
2.105259999999999909e+00 -4.292500000000000204e-01 -3.567299999999999915e-01 -7.859800000000000120e-01
2.155390000000000139e+00 -4.255300000000000193e-01 -4.114800000000000124e-01 -8.370100000000000318e-01
2.205509999999999859e+00 -4.326200000000000045e-01 -4.499799999999999911e-01 -8.826000000000000512e-01
2.255640000000000089e+00 -4.470100000000000184e-01 -4.645099999999999785e-01 -9.115199999999999969e-01
2.305759999999999810e+00 -4.571299999999999808e-01 -4.601000000000000090e-01 -9.172299999999999898e-01
2.355890000000000040e+00 -4.501899999999999791e-01 -4.518499999999999739e-01 -9.020399999999999530e-01
2.406019999999999825e+00 -4.196900000000000075e-01 -4.545899999999999941e-01 -8.742799999999999461e-01
2.456139999999999990e+00 -3.692199999999999926e-01 -4.717399999999999927e-01 -8.409599999999999298e-01
2.506270000000000220e+00 -3.108600000000000252e-01 -4.920499999999999874e-01 -8.029100000000000126e-01
2.556389999999999940e+00 -2.599299999999999944e-01 -4.971900000000000208e-01 -7.571200000000000152e-01
2.606520000000000170e+00 -2.293100000000000138e-01 -4.744800000000000129e-01 -7.037900000000000267e-01
2.656639999999999890e+00 -2.257099999999999940e-01 -4.257199999999999873e-01 -6.514299999999999535e-01
2.706770000000000120e+00 -2.486599999999999921e-01 -3.664499999999999980e-01 -6.151100000000000456e-01
2.756889999999999841e+00 -2.917000000000000148e-01 -3.174399999999999999e-01 -6.091400000000000148e-01
2.807020000000000071e+00 -3.452799999999999758e-01 -2.946699999999999875e-01 -6.399500000000000188e-01
2.857139999999999791e+00 -4.005299999999999971e-01 -3.032599999999999740e-01 -7.037899999999999157e-01
2.907270000000000021e+00 -4.524500000000000188e-01 -3.372399999999999842e-01 -7.896900000000000031e-01
2.957390000000000185e+00 -5.001600000000000490e-01 -3.835500000000000020e-01 -8.837099999999999955e-01
3.007519999999999971e+00 -5.441099999999999826e-01 -4.283100000000000240e-01 -9.724200000000000621e-01
3.057640000000000136e+00 -5.825200000000000378e-01 -4.625400000000000067e-01 -1.045060000000000100e+00
3.107769999999999921e+00 -6.100499999999999812e-01 -4.849300000000000277e-01 -1.094980000000000064e+00
3.157890000000000086e+00 -6.196000000000000396e-01 -5.001299999999999635e-01 -1.119730000000000114e+00
3.208019999999999872e+00 -6.052899999999999947e-01 -5.139299999999999979e-01 -1.119219999999999882e+00
3.258150000000000102e+00 -5.649300000000000432e-01 -5.288100000000000023e-01 -1.093739999999999934e+00
3.308269999999999822e+00 -5.014899999999999913e-01 -5.424099999999999477e-01 -1.043899999999999828e+00
3.358400000000000052e+00 -4.238700000000000245e-01 -5.490000000000000435e-01 -9.728700000000001236e-01
3.408520000000000216e+00 -3.461199999999999832e-01 -5.419500000000000428e-01 -8.880700000000000260e-01
3.458650000000000002e+00 -2.840900000000000092e-01 -5.164800000000000502e-01 -8.005700000000000038e-01
3.508770000000000167e+00 -2.500999999999999890e-01 -4.723499999999999921e-01 -7.224500000000000366e-01
3.558899999999999952e+00 -2.478100000000000025e-01 -4.159599999999999964e-01 -6.637699999999999712e-01
3.609020000000000117e+00 -2.702200000000000157e-01 -3.597400000000000042e-01 -6.299600000000000755e-01
3.659149999999999903e+00 -3.024200000000000221e-01 -3.176700000000000079e-01 -6.200900000000000301e-01
3.709270000000000067e+00 -3.286100000000000132e-01 -2.986400000000000166e-01 -6.272500000000000853e-01
3.759399999999999853e+00 -3.399499999999999744e-01 -3.015399999999999747e-01 -6.414899999999998936e-01
3.809520000000000017e+00 -3.382999999999999896e-01 -3.155299999999999772e-01 -6.538299999999999113e-01
3.859649999999999803e+00 -3.329799999999999982e-01 -3.259299999999999975e-01 -6.589099999999999957e-01
3.909769999999999968e+00 -3.323300000000000143e-01 -3.223099999999999854e-01 -6.546399999999999997e-01
3.959900000000000198e+00 -3.366100000000000203e-01 -3.039200000000000235e-01 -6.405300000000000438e-01
4.010030000000000427e+00 -3.374699999999999922e-01 -2.792700000000000182e-01 -6.167400000000000659e-01
4.060150000000000148e+00 -3.245500000000000052e-01 -2.601800000000000224e-01 -5.847299999999999720e-01
4.110280000000000378e+00 -2.938200000000000256e-01 -2.542300000000000115e-01 -5.480500000000000371e-01
4.160400000000000098e+00 -2.515000000000000013e-01 -2.601499999999999924e-01 -5.116499999999999382e-01
4.210530000000000328e+00 -2.108800000000000119e-01 -2.689099999999999824e-01 -4.797899999999999943e-01
4.260650000000000048e+00 -1.849999999999999978e-01 -2.696600000000000108e-01 -4.546600000000000086e-01
4.310780000000000278e+00 -1.805299999999999960e-01 -2.567200000000000037e-01 -4.372500000000000275e-01
4.360899999999999999e+00 -1.961600000000000010e-01 -2.327200000000000102e-01 -4.288800000000000390e-01
4.411030000000000229e+00 -2.250000000000000056e-01 -2.064900000000000069e-01 -4.314900000000000402e-01
4.461149999999999949e+00 -2.578699999999999881e-01 -1.874500000000000055e-01 -4.453199999999999936e-01
4.511280000000000179e+00 -2.854200000000000070e-01 -1.810499999999999887e-01 -4.664699999999999958e-01
4.561399999999999899e+00 -2.992099999999999760e-01 -1.875499999999999945e-01 -4.867599999999999705e-01
4.611530000000000129e+00 -2.934300000000000241e-01 -2.035399999999999987e-01 -4.969700000000000228e-01
4.661649999999999849e+00 -2.671499999999999986e-01 -2.237599999999999867e-01 -4.909099999999999575e-01
4.711780000000000079e+00 -2.254599999999999937e-01 -2.418500000000000094e-01 -4.673100000000000032e-01
4.761899999999999800e+00 -1.776699999999999946e-01 -2.509100000000000219e-01 -4.285800000000000165e-01
4.812030000000000030e+00 -1.332200000000000051e-01 -2.452300000000000035e-01 -3.784500000000000086e-01
4.862160000000000259e+00 -9.790000000000000091e-02 -2.229800000000000115e-01 -3.208799999999999986e-01
4.912279999999999980e+00 -7.266000000000000236e-02 -1.877099999999999880e-01 -2.603699999999999903e-01
4.962410000000000210e+00 -5.516000000000000070e-02 -1.471899999999999875e-01 -2.023499999999999743e-01
5.012529999999999930e+00 -4.234000000000000263e-02 -1.097299999999999942e-01 -1.520699999999999830e-01
5.062660000000000160e+00 -3.216999999999999721e-02 -8.061999999999999722e-02 -1.127900000000000014e-01
5.112779999999999880e+00 -2.401000000000000009e-02 -6.078000000000000069e-02 -8.479000000000000425e-02
5.162910000000000110e+00 -1.796000000000000027e-02 -4.798000000000000181e-02 -6.593999999999999861e-02
5.213029999999999831e+00 -1.426000000000000011e-02 -3.917999999999999955e-02 -5.344000000000000139e-02
5.263160000000000061e+00 -1.307000000000000002e-02 -3.228999999999999926e-02 -4.535999999999999754e-02
5.313279999999999781e+00 -1.477000000000000014e-02 -2.656000000000000028e-02 -4.132999999999999868e-02
5.363410000000000011e+00 -2.032000000000000126e-02 -2.217999999999999833e-02 -4.249999999999999611e-02
5.413529999999999731e+00 -3.107999999999999999e-02 -1.974000000000000060e-02 -5.082000000000000406e-02
5.463659999999999961e+00 -4.778000000000000302e-02 -2.021999999999999839e-02 -6.800000000000000488e-02
5.513779999999999681e+00 -6.905000000000000027e-02 -2.502000000000000057e-02 -9.407000000000000084e-02
5.563909999999999911e+00 -9.064999999999999447e-02 -3.563999999999999807e-02 -1.262899999999999856e-01
5.614040000000000141e+00 -1.064100000000000046e-01 -5.247000000000000275e-02 -1.588800000000000212e-01
5.664159999999999862e+00 -1.109200000000000047e-01 -7.345000000000000140e-02 -1.843700000000000061e-01
5.714290000000000092e+00 -1.023300000000000043e-01 -9.367000000000000326e-02 -1.960000000000000075e-01
5.764409999999999812e+00 -8.346000000000000640e-02 -1.068400000000000044e-01 -1.903000000000000247e-01
5.814540000000000042e+00 -6.013999999999999901e-02 -1.081499999999999961e-01 -1.682899999999999952e-01
5.864659999999999762e+00 -3.828000000000000153e-02 -9.687999999999999390e-02 -1.351600000000000024e-01
5.914789999999999992e+00 -2.152000000000000093e-02 -7.670000000000000429e-02 -9.822000000000000175e-02
5.964909999999999712e+00 -1.068000000000000026e-02 -5.365000000000000324e-02 -6.432999999999999829e-02
6.015039999999999942e+00 -4.680000000000000132e-03 -3.314000000000000279e-02 -3.782000000000000639e-02
6.065159999999999663e+00 -1.809999999999999977e-03 -1.807999999999999885e-02 -1.988999999999999796e-02
6.115289999999999893e+00 -6.199999999999999999e-04 -8.710000000000000728e-03 -9.330000000000001487e-03
6.165409999999999613e+00 -1.900000000000000105e-04 -3.700000000000000164e-03 -3.890000000000000228e-03
6.215539999999999843e+00 -5.000000000000000240e-05 -1.389999999999999960e-03 -1.439999999999999874e-03
6.265659999999999563e+00 -1.000000000000000082e-05 -4.600000000000000139e-04 -4.700000000000000401e-04
6.315789999999999793e+00 -0.000000000000000000e+00 -1.399999999999999877e-04 -1.399999999999999877e-04
6.365910000000000402e+00 -0.000000000000000000e+00 -3.000000000000000076e-05 -3.000000000000000076e-05
6.416039999999999743e+00 -0.000000000000000000e+00 -1.000000000000000082e-05 -1.000000000000000082e-05
6.466169999999999973e+00 -0.000000000000000000e+00 -0.000000000000000000e+00 -0.000000000000000000e+00
6.516289999999999694e+00 -0.000000000000000000e+00 -0.000000000000000000e+00 -0.000000000000000000e+00
6.566419999999999924e+00 -0.000000000000000000e+00 -0.000000000000000000e+00 -0.000000000000000000e+00
6.616539999999999644e+00 -0.000000000000000000e+00 -0.000000000000000000e+00 -0.000000000000000000e+00
6.666669999999999874e+00 -0.000000000000000000e+00 -0.000000000000000000e+00 -0.000000000000000000e+00
6.716789999999999594e+00 -0.000000000000000000e+00 -0.000000000000000000e+00 -0.000000000000000000e+00
6.766919999999999824e+00 -0.000000000000000000e+00 -0.000000000000000000e+00 -0.000000000000000000e+00
6.817040000000000433e+00 -0.000000000000000000e+00 -0.000000000000000000e+00 -0.000000000000000000e+00
6.867169999999999774e+00 -0.000000000000000000e+00 -0.000000000000000000e+00 -0.000000000000000000e+00
6.917290000000000383e+00 -0.000000000000000000e+00 -0.000000000000000000e+00 -0.000000000000000000e+00
6.967419999999999725e+00 -0.000000000000000000e+00 -0.000000000000000000e+00 -0.000000000000000000e+00
7.017540000000000333e+00 -0.000000000000000000e+00 -0.000000000000000000e+00 -0.000000000000000000e+00
7.067669999999999675e+00 -0.000000000000000000e+00 -0.000000000000000000e+00 -0.000000000000000000e+00
7.117790000000000283e+00 -0.000000000000000000e+00 -0.000000000000000000e+00 -0.000000000000000000e+00
7.167919999999999625e+00 -0.000000000000000000e+00 -0.000000000000000000e+00 -0.000000000000000000e+00
7.218049999999999855e+00 -0.000000000000000000e+00 -0.000000000000000000e+00 -0.000000000000000000e+00
7.268169999999999575e+00 -0.000000000000000000e+00 -0.000000000000000000e+00 -0.000000000000000000e+00
7.318299999999999805e+00 -0.000000000000000000e+00 -0.000000000000000000e+00 -0.000000000000000000e+00
7.368420000000000414e+00 -0.000000000000000000e+00 -0.000000000000000000e+00 -0.000000000000000000e+00
7.418549999999999756e+00 -0.000000000000000000e+00 -0.000000000000000000e+00 -0.000000000000000000e+00
7.468670000000000364e+00 -0.000000000000000000e+00 -0.000000000000000000e+00 -0.000000000000000000e+00
7.518799999999999706e+00 -0.000000000000000000e+00 -0.000000000000000000e+00 -0.000000000000000000e+00
7.568920000000000314e+00 -0.000000000000000000e+00 -0.000000000000000000e+00 -0.000000000000000000e+00
7.619049999999999656e+00 -0.000000000000000000e+00 -0.000000000000000000e+00 -0.000000000000000000e+00
7.669170000000000265e+00 -0.000000000000000000e+00 -0.000000000000000000e+00 -0.000000000000000000e+00
7.719299999999999606e+00 -0.000000000000000000e+00 -0.000000000000000000e+00 -0.000000000000000000e+00
7.769420000000000215e+00 -0.000000000000000000e+00 -0.000000000000000000e+00 -0.000000000000000000e+00
7.819549999999999557e+00 -0.000000000000000000e+00 -0.000000000000000000e+00 -0.000000000000000000e+00
7.869670000000000165e+00 -0.000000000000000000e+00 -0.000000000000000000e+00 -0.000000000000000000e+00
7.919800000000000395e+00 -0.000000000000000000e+00 -0.000000000000000000e+00 -0.000000000000000000e+00
7.969920000000000115e+00 -0.000000000000000000e+00 -0.000000000000000000e+00 -0.000000000000000000e+00
8.020049999999999457e+00 -0.000000000000000000e+00 -0.000000000000000000e+00 -0.000000000000000000e+00
